(1, [1, 2, 3, 4, 5, 6, 7, 8, 9, 10, 11, 12, 13, 14, 15, 16, 17, 18, 19, 20, 21, 22, 23, 24, 25, 26, 27, 28, 29, 30, 31, 32, 33, 34, 35, 36, 37, 38, 39, 40, 41, 42, 43, 44, 45, 46, 47, 48, 49, 50], 0.684)
(2, [1, 2, 3, 4, 5, 6, 7, 8, 9, 10, 12, 13, 14, 15, 16, 17, 18, 19, 20, 21, 22, 23, 24, 25, 26, 27, 28, 29, 30, 31, 32, 33, 34, 35, 36, 37, 38, 39, 40, 41, 42, 43, 44, 45, 46, 47, 48, 49, 50], 0.708, 11)
(3, [1, 2, 3, 4, 5, 6, 7, 8, 9, 10, 12, 13, 14, 15, 16, 17, 18, 20, 21, 22, 23, 24, 25, 26, 27, 28, 29, 30, 31, 32, 33, 34, 35, 36, 37, 38, 39, 40, 41, 42, 43, 44, 45, 46, 47, 48, 49, 50], 0.725, 19)
(4, [2, 3, 4, 5, 6, 7, 8, 9, 10, 12, 13, 14, 15, 16, 17, 18, 20, 21, 22, 23, 24, 25, 26, 27, 28, 29, 30, 31, 32, 33, 34, 35, 36, 37, 38, 39, 40, 41, 42, 43, 44, 45, 46, 47, 48, 49, 50], 0.738, 1)
(5, [2, 3, 4, 5, 6, 7, 8, 9, 10, 12, 13, 14, 15, 16, 17, 18, 20, 21, 22, 23, 24, 25, 26, 27, 28, 29, 30, 31, 32, 33, 34, 35, 36, 37, 38, 39, 40, 41, 42, 43, 44, 45, 47, 48, 49, 50], 0.753, 46)
(6, [2, 3, 4, 5, 6, 7, 8, 9, 10, 12, 13, 14, 15, 16, 17, 18, 20, 21, 22, 23, 25, 26, 27, 28, 29, 30, 31, 32, 33, 34, 35, 36, 37, 38, 39, 40, 41, 42, 43, 44, 45, 47, 48, 49, 50], 0.755, 24)
(7, [2, 3, 4, 5, 6, 7, 8, 9, 10, 12, 13, 14, 15, 16, 17, 18, 20, 21, 22, 23, 25, 26, 27, 28, 29, 30, 31, 32, 34, 35, 36, 37, 38, 39, 40, 41, 42, 43, 44, 45, 47, 48, 49, 50], 0.76, 33)
(8, [2, 3, 4, 5, 6, 7, 8, 9, 10, 12, 13, 14, 15, 16, 17, 18, 20, 21, 22, 23, 25, 26, 27, 28, 29, 30, 31, 32, 34, 35, 36, 37, 38, 39, 40, 41, 42, 43, 44, 45, 47, 48, 50], 0.759, 49)
(9, [2, 3, 4, 5, 6, 7, 8, 9, 10, 12, 13, 14, 16, 17, 18, 20, 21, 22, 23, 25, 26, 27, 28, 29, 30, 31, 32, 34, 35, 36, 37, 38, 39, 40, 41, 42, 43, 44, 45, 47, 48, 50], 0.764, 15)
(10, [2, 3, 4, 5, 6, 7, 8, 9, 10, 12, 13, 14, 16, 17, 18, 20, 21, 22, 23, 25, 26, 27, 28, 29, 30, 31, 32, 34, 35, 36, 37, 38, 39, 41, 42, 43, 44, 45, 47, 48, 50], 0.769, 40)
(11, [2, 3, 4, 5, 6, 7, 9, 10, 12, 13, 14, 16, 17, 18, 20, 21, 22, 23, 25, 26, 27, 28, 29, 30, 31, 32, 34, 35, 36, 37, 38, 39, 41, 42, 43, 44, 45, 47, 48, 50], 0.765, 8)
(12, [2, 3, 4, 5, 6, 7, 9, 10, 12, 13, 14, 16, 17, 18, 20, 21, 22, 23, 25, 26, 27, 28, 29, 30, 31, 32, 34, 35, 36, 37, 39, 41, 42, 43, 44, 45, 47, 48, 50], 0.771, 38)
(13, [2, 3, 4, 5, 6, 7, 9, 10, 12, 13, 14, 16, 17, 18, 20, 21, 22, 23, 25, 26, 27, 28, 29, 30, 31, 32, 34, 35, 36, 37, 39, 41, 42, 43, 44, 47, 48, 50], 0.775, 45)
(14, [2, 3, 4, 5, 6, 7, 9, 10, 12, 14, 16, 17, 18, 20, 21, 22, 23, 25, 26, 27, 28, 29, 30, 31, 32, 34, 35, 36, 37, 39, 41, 42, 43, 44, 47, 48, 50], 0.78, 13)
(15, [2, 3, 4, 5, 6, 7, 9, 10, 12, 14, 16, 17, 18, 20, 21, 22, 23, 25, 26, 27, 28, 29, 30, 31, 32, 34, 35, 36, 37, 39, 41, 42, 43, 44, 48, 50], 0.791, 47)
(16, [2, 3, 4, 5, 6, 7, 9, 10, 12, 14, 16, 17, 18, 20, 21, 22, 23, 25, 26, 27, 28, 29, 30, 31, 32, 34, 35, 37, 39, 41, 42, 43, 44, 48, 50], 0.788, 36)
(17, [2, 3, 4, 5, 6, 7, 9, 10, 12, 14, 16, 17, 18, 21, 22, 23, 25, 26, 27, 28, 29, 30, 31, 32, 34, 35, 37, 39, 41, 42, 43, 44, 48, 50], 0.785, 20)
(18, [2, 3, 4, 5, 6, 7, 9, 10, 12, 14, 16, 17, 18, 21, 22, 23, 25, 26, 27, 28, 29, 30, 31, 32, 34, 35, 37, 39, 41, 42, 44, 48, 50], 0.789, 43)
(19, [2, 3, 4, 5, 6, 7, 9, 10, 12, 14, 16, 17, 18, 21, 22, 23, 25, 26, 27, 28, 29, 30, 31, 32, 34, 35, 37, 39, 42, 44, 48, 50], 0.794, 41)
(20, [2, 3, 4, 5, 6, 7, 9, 10, 12, 14, 16, 17, 21, 22, 23, 25, 26, 27, 28, 29, 30, 31, 32, 34, 35, 37, 39, 42, 44, 48, 50], 0.795, 18)
(21, [2, 3, 4, 5, 6, 7, 9, 10, 12, 14, 16, 17, 21, 22, 23, 25, 26, 27, 29, 30, 31, 32, 34, 35, 37, 39, 42, 44, 48, 50], 0.797, 28)
(22, [2, 3, 4, 5, 6, 7, 9, 10, 12, 14, 16, 17, 21, 22, 23, 25, 26, 27, 29, 31, 32, 34, 35, 37, 39, 42, 44, 48, 50], 0.805, 30)
(23, [2, 3, 4, 5, 6, 9, 10, 12, 14, 16, 17, 21, 22, 23, 25, 26, 27, 29, 31, 32, 34, 35, 37, 39, 42, 44, 48, 50], 0.793, 7)
(24, [2, 3, 4, 5, 6, 9, 10, 12, 14, 16, 17, 21, 22, 23, 25, 26, 27, 29, 31, 32, 34, 35, 37, 39, 42, 44, 48], 0.793, 50)
(25, [2, 3, 4, 5, 6, 9, 10, 12, 14, 16, 17, 22, 23, 25, 26, 27, 29, 31, 32, 34, 35, 37, 39, 42, 44, 48], 0.786, 21)
(26, [2, 3, 4, 5, 6, 9, 10, 12, 14, 16, 17, 23, 25, 26, 27, 29, 31, 32, 34, 35, 37, 39, 42, 44, 48], 0.788, 22)
(27, [2, 3, 4, 5, 6, 9, 10, 12, 14, 16, 17, 23, 25, 26, 27, 29, 32, 34, 35, 37, 39, 42, 44, 48], 0.797, 31)
(28, [2, 3, 4, 5, 6, 9, 10, 12, 14, 16, 17, 23, 25, 26, 27, 29, 32, 34, 35, 37, 39, 42, 48], 0.797, 44)
(29, [2, 3, 4, 5, 6, 9, 10, 12, 14, 16, 17, 23, 25, 26, 27, 32, 34, 35, 37, 39, 42, 48], 0.8, 29)
(30, [2, 3, 4, 5, 6, 9, 10, 12, 14, 17, 23, 25, 26, 27, 32, 34, 35, 37, 39, 42, 48], 0.812, 16)
(31, [2, 3, 4, 5, 6, 9, 10, 12, 14, 17, 23, 25, 26, 27, 32, 34, 35, 37, 39, 48], 0.804, 42)
(32, [2, 4, 5, 6, 9, 10, 12, 14, 17, 23, 25, 26, 27, 32, 34, 35, 37, 39, 48], 0.805, 3)
(33, [2, 4, 5, 6, 9, 10, 12, 14, 17, 23, 25, 26, 27, 32, 34, 35, 39, 48], 0.797, 37)
(34, [2, 4, 5, 6, 9, 10, 12, 14, 17, 25, 26, 27, 32, 34, 35, 39, 48], 0.797, 23)
(35, [2, 4, 5, 6, 9, 10, 14, 17, 25, 26, 27, 32, 34, 35, 39, 48], 0.794, 12)
(36, [2, 4, 5, 6, 9, 10, 14, 25, 26, 27, 32, 34, 35, 39, 48], 0.794, 17)
(37, [2, 4, 5, 6, 9, 10, 14, 26, 27, 32, 34, 35, 39, 48], 0.803, 25)
(38, [2, 4, 6, 9, 10, 14, 26, 27, 32, 34, 35, 39, 48], 0.796, 5)
(39, [4, 6, 9, 10, 14, 26, 27, 32, 34, 35, 39, 48], 0.794, 2)
(40, [4, 6, 9, 10, 26, 27, 32, 34, 35, 39, 48], 0.785, 14)
(41, [4, 6, 9, 26, 27, 32, 34, 35, 39, 48], 0.796, 10)
(42, [4, 6, 9, 26, 27, 32, 35, 39, 48], 0.799, 34)
(43, [4, 6, 9, 27, 32, 35, 39, 48], 0.811, 26)
(44, [4, 6, 27, 32, 35, 39, 48], 0.81, 9)
(45, [4, 6, 32, 35, 39, 48], 0.815, 27)
(46, [4, 6, 32, 35, 39], 0.818, 48)
(47, [4, 6, 32, 39], 0.837, 35)
(48, [4, 32, 39], 0.862, 6)
(49, [4, 32], 0.869, 39)
(50, [4], 0.838, 32)
(51, [], np.float64(0.837))
