(1, [1, 2, 3, 4, 5, 6, 7, 8, 9, 10, 11, 12, 13, 14, 15, 16, 17, 18, 19, 20, 21, 22, 23, 24, 25, 26, 27, 28, 29, 30, 31, 32, 33, 34, 35, 36, 37, 38, 39, 40, 41, 42, 43, 44, 45, 46, 47, 48, 49, 50], 0.818)
(2, [1, 2, 3, 4, 5, 6, 7, 8, 9, 10, 12, 13, 14, 15, 16, 17, 18, 19, 20, 21, 22, 23, 24, 25, 26, 27, 28, 29, 30, 31, 32, 33, 34, 35, 36, 37, 38, 39, 40, 41, 42, 43, 44, 45, 46, 47, 48, 49, 50], 0.823, 11)
(3, [1, 2, 3, 4, 5, 6, 7, 8, 9, 10, 12, 13, 14, 15, 16, 17, 18, 19, 20, 21, 22, 23, 24, 25, 26, 27, 28, 29, 30, 31, 32, 33, 34, 35, 36, 37, 38, 39, 40, 42, 43, 44, 45, 46, 47, 48, 49, 50], 0.829, 41)
(4, [1, 2, 3, 4, 5, 6, 7, 8, 9, 10, 12, 13, 14, 15, 16, 17, 18, 19, 20, 21, 22, 23, 24, 25, 26, 27, 28, 30, 31, 32, 33, 34, 35, 36, 37, 38, 39, 40, 42, 43, 44, 45, 46, 47, 48, 49, 50], 0.832, 29)
(5, [1, 2, 3, 4, 5, 6, 7, 8, 9, 10, 12, 13, 14, 15, 16, 17, 18, 19, 20, 21, 22, 23, 24, 25, 26, 27, 28, 30, 31, 33, 34, 35, 36, 37, 38, 39, 40, 42, 43, 44, 45, 46, 47, 48, 49, 50], 0.832, 32)
(6, [1, 2, 3, 4, 5, 6, 7, 8, 10, 12, 13, 14, 15, 16, 17, 18, 19, 20, 21, 22, 23, 24, 25, 26, 27, 28, 30, 31, 33, 34, 35, 36, 37, 38, 39, 40, 42, 43, 44, 45, 46, 47, 48, 49, 50], 0.831, 9)
(7, [1, 2, 3, 4, 5, 6, 7, 8, 10, 12, 13, 14, 15, 16, 17, 18, 19, 20, 21, 22, 23, 24, 25, 27, 28, 30, 31, 33, 34, 35, 36, 37, 38, 39, 40, 42, 43, 44, 45, 46, 47, 48, 49, 50], 0.831, 26)
(8, [1, 2, 3, 4, 5, 6, 7, 8, 10, 12, 13, 14, 15, 16, 17, 18, 19, 20, 21, 22, 23, 24, 25, 27, 28, 30, 31, 33, 34, 35, 36, 37, 38, 39, 40, 42, 44, 45, 46, 47, 48, 49, 50], 0.835, 43)
(9, [1, 2, 3, 4, 5, 6, 7, 8, 10, 12, 13, 14, 15, 16, 17, 18, 19, 20, 21, 22, 23, 24, 25, 27, 30, 31, 33, 34, 35, 36, 37, 38, 39, 40, 42, 44, 45, 46, 47, 48, 49, 50], 0.843, 28)
(10, [1, 2, 3, 4, 5, 6, 7, 8, 10, 12, 13, 14, 15, 16, 17, 18, 20, 21, 22, 23, 24, 25, 27, 30, 31, 33, 34, 35, 36, 37, 38, 39, 40, 42, 44, 45, 46, 47, 48, 49, 50], 0.837, 19)
(11, [1, 2, 3, 4, 5, 6, 7, 8, 10, 12, 13, 14, 15, 16, 17, 18, 20, 21, 22, 23, 24, 25, 27, 30, 31, 33, 34, 35, 36, 37, 38, 40, 42, 44, 45, 46, 47, 48, 49, 50], 0.843, 39)
(12, [1, 2, 3, 4, 5, 6, 7, 8, 10, 12, 13, 14, 15, 16, 17, 18, 20, 22, 23, 24, 25, 27, 30, 31, 33, 34, 35, 36, 37, 38, 40, 42, 44, 45, 46, 47, 48, 49, 50], 0.843, 21)
(13, [1, 2, 3, 4, 5, 6, 7, 8, 10, 12, 13, 14, 15, 16, 17, 18, 20, 22, 23, 24, 25, 27, 30, 31, 33, 34, 35, 36, 37, 38, 40, 42, 44, 45, 46, 47, 49, 50], 0.844, 48)
(14, [1, 2, 3, 4, 5, 6, 8, 10, 12, 13, 14, 15, 16, 17, 18, 20, 22, 23, 24, 25, 27, 30, 31, 33, 34, 35, 36, 37, 38, 40, 42, 44, 45, 46, 47, 49, 50], 0.841, 7)
(15, [1, 2, 3, 4, 5, 6, 8, 10, 12, 13, 14, 15, 16, 17, 18, 20, 22, 23, 24, 25, 27, 30, 31, 33, 34, 35, 36, 38, 40, 42, 44, 45, 46, 47, 49, 50], 0.842, 37)
(16, [1, 2, 3, 4, 5, 6, 8, 10, 12, 13, 14, 15, 16, 17, 18, 20, 22, 23, 24, 25, 27, 30, 33, 34, 35, 36, 38, 40, 42, 44, 45, 46, 47, 49, 50], 0.844, 31)
(17, [1, 2, 3, 4, 5, 6, 8, 10, 12, 13, 15, 16, 17, 18, 20, 22, 23, 24, 25, 27, 30, 33, 34, 35, 36, 38, 40, 42, 44, 45, 46, 47, 49, 50], 0.843, 14)
(18, [1, 2, 3, 4, 5, 6, 8, 10, 12, 13, 15, 16, 17, 18, 20, 23, 24, 25, 27, 30, 33, 34, 35, 36, 38, 40, 42, 44, 45, 46, 47, 49, 50], 0.841, 22)
(19, [1, 2, 3, 4, 5, 6, 8, 10, 12, 13, 15, 16, 17, 18, 20, 23, 24, 25, 27, 30, 33, 34, 35, 36, 38, 40, 44, 45, 46, 47, 49, 50], 0.839, 42)
(20, [1, 2, 3, 4, 5, 6, 8, 10, 12, 13, 15, 16, 17, 18, 20, 23, 24, 25, 27, 30, 34, 35, 36, 38, 40, 44, 45, 46, 47, 49, 50], 0.842, 33)
(21, [1, 2, 3, 4, 5, 6, 8, 10, 12, 13, 15, 16, 17, 18, 20, 23, 24, 25, 27, 30, 34, 36, 38, 40, 44, 45, 46, 47, 49, 50], 0.849, 35)
(22, [1, 2, 3, 4, 5, 6, 8, 10, 12, 13, 15, 17, 18, 20, 23, 24, 25, 27, 30, 34, 36, 38, 40, 44, 45, 46, 47, 49, 50], 0.845, 16)
(23, [1, 2, 3, 4, 5, 6, 8, 10, 12, 13, 15, 17, 20, 23, 24, 25, 27, 30, 34, 36, 38, 40, 44, 45, 46, 47, 49, 50], 0.849, 18)
(24, [1, 2, 3, 4, 5, 8, 10, 12, 13, 15, 17, 20, 23, 24, 25, 27, 30, 34, 36, 38, 40, 44, 45, 46, 47, 49, 50], 0.849, 6)
(25, [1, 2, 3, 4, 5, 10, 12, 13, 15, 17, 20, 23, 24, 25, 27, 30, 34, 36, 38, 40, 44, 45, 46, 47, 49, 50], 0.846, 8)
(26, [1, 2, 3, 4, 5, 10, 12, 15, 17, 20, 23, 24, 25, 27, 30, 34, 36, 38, 40, 44, 45, 46, 47, 49, 50], 0.845, 13)
(27, [1, 2, 3, 4, 5, 10, 12, 15, 17, 20, 23, 24, 25, 27, 30, 34, 36, 38, 40, 45, 46, 47, 49, 50], 0.847, 44)
(28, [2, 3, 4, 5, 10, 12, 15, 17, 20, 23, 24, 25, 27, 30, 34, 36, 38, 40, 45, 46, 47, 49, 50], 0.846, 1)
(29, [2, 3, 4, 5, 10, 12, 15, 17, 20, 23, 24, 25, 27, 30, 34, 36, 38, 40, 46, 47, 49, 50], 0.842, 45)
(30, [2, 3, 4, 5, 10, 12, 15, 17, 20, 23, 24, 25, 27, 30, 34, 36, 38, 40, 47, 49, 50], 0.844, 46)
(31, [2, 3, 4, 5, 10, 12, 15, 17, 20, 23, 24, 25, 27, 30, 34, 38, 40, 47, 49, 50], 0.843, 36)
(32, [2, 3, 4, 5, 12, 15, 17, 20, 23, 24, 25, 27, 30, 34, 38, 40, 47, 49, 50], 0.844, 10)
(33, [2, 3, 4, 5, 12, 15, 17, 20, 24, 25, 27, 30, 34, 38, 40, 47, 49, 50], 0.846, 23)
(34, [2, 3, 4, 5, 12, 15, 17, 20, 24, 25, 27, 30, 34, 40, 47, 49, 50], 0.852, 38)
(35, [2, 3, 4, 5, 15, 17, 20, 24, 25, 27, 30, 34, 40, 47, 49, 50], 0.849, 12)
(36, [2, 4, 5, 15, 17, 20, 24, 25, 27, 30, 34, 40, 47, 49, 50], 0.851, 3)
(37, [2, 4, 5, 15, 17, 20, 24, 25, 27, 30, 34, 40, 49, 50], 0.857, 47)
(38, [2, 4, 5, 15, 17, 20, 24, 25, 27, 30, 34, 40, 50], 0.85, 49)
(39, [2, 4, 5, 15, 17, 20, 24, 25, 30, 34, 40, 50], 0.846, 27)
(40, [4, 5, 15, 17, 20, 24, 25, 30, 34, 40, 50], 0.85, 2)
(41, [4, 15, 17, 20, 24, 25, 30, 34, 40, 50], 0.854, 5)
(42, [4, 15, 17, 20, 24, 25, 30, 34, 40], 0.859, 50)
(43, [4, 15, 20, 24, 25, 30, 34, 40], 0.871, 17)
(44, [4, 15, 20, 24, 25, 34, 40], 0.874, 30)
(45, [4, 15, 20, 24, 25, 40], 0.882, 34)
(46, [4, 15, 24, 25, 40], 0.898, 20)
(47, [4, 15, 24, 25], 0.919, 40)
(48, [4, 24, 25], 0.943, 15)
(49, [4, 24], 0.962, 25)
(50, [4], 0.829, 24)
(51, [], np.float64(0.837))
