(1, [1, 2, 3, 4, 5, 6, 7, 8, 9, 10, 11, 12, 13, 14, 15, 16, 17, 18, 19, 20, 21, 22, 23, 24, 25, 26, 27, 28, 29, 30, 31, 32, 33, 34, 35, 36, 37, 38, 39, 40, 41, 42, 43, 44, 45, 46, 47, 48, 49, 50], 0.817)
(2, [1, 2, 3, 4, 5, 6, 7, 8, 9, 10, 11, 12, 13, 14, 15, 16, 17, 18, 19, 20, 21, 22, 23, 24, 25, 26, 27, 28, 29, 30, 31, 33, 34, 35, 36, 37, 38, 39, 40, 41, 42, 43, 44, 45, 46, 47, 48, 49, 50], 0.832, 32)
(3, [1, 2, 3, 4, 5, 6, 7, 8, 9, 10, 11, 12, 13, 14, 15, 16, 17, 18, 19, 20, 21, 22, 23, 24, 25, 26, 27, 28, 29, 30, 31, 34, 35, 36, 37, 38, 39, 40, 41, 42, 43, 44, 45, 46, 47, 48, 49, 50], 0.836, 33)
(4, [1, 2, 3, 4, 5, 6, 7, 8, 10, 11, 12, 13, 14, 15, 16, 17, 18, 19, 20, 21, 22, 23, 24, 25, 26, 27, 28, 29, 30, 31, 34, 35, 36, 37, 38, 39, 40, 41, 42, 43, 44, 45, 46, 47, 48, 49, 50], 0.838, 9)
(5, [1, 2, 3, 4, 5, 6, 7, 8, 10, 11, 12, 13, 14, 16, 17, 18, 19, 20, 21, 22, 23, 24, 25, 26, 27, 28, 29, 30, 31, 34, 35, 36, 37, 38, 39, 40, 41, 42, 43, 44, 45, 46, 47, 48, 49, 50], 0.839, 15)
(6, [1, 2, 3, 4, 5, 6, 7, 8, 10, 11, 12, 13, 14, 16, 17, 18, 19, 20, 21, 22, 23, 24, 25, 26, 27, 28, 29, 30, 31, 34, 35, 36, 37, 38, 39, 40, 42, 43, 44, 45, 46, 47, 48, 49, 50], 0.839, 41)
(7, [1, 2, 3, 4, 5, 6, 7, 8, 10, 11, 12, 13, 14, 16, 17, 18, 19, 20, 21, 23, 24, 25, 26, 27, 28, 29, 30, 31, 34, 35, 36, 37, 38, 39, 40, 42, 43, 44, 45, 46, 47, 48, 49, 50], 0.84, 22)
(8, [1, 2, 3, 4, 5, 6, 7, 8, 10, 11, 12, 13, 16, 17, 18, 19, 20, 21, 23, 24, 25, 26, 27, 28, 29, 30, 31, 34, 35, 36, 37, 38, 39, 40, 42, 43, 44, 45, 46, 47, 48, 49, 50], 0.84, 14)
(9, [1, 2, 3, 4, 5, 6, 7, 10, 11, 12, 13, 16, 17, 18, 19, 20, 21, 23, 24, 25, 26, 27, 28, 29, 30, 31, 34, 35, 36, 37, 38, 39, 40, 42, 43, 44, 45, 46, 47, 48, 49, 50], 0.843, 8)
(10, [2, 3, 4, 5, 6, 7, 10, 11, 12, 13, 16, 17, 18, 19, 20, 21, 23, 24, 25, 26, 27, 28, 29, 30, 31, 34, 35, 36, 37, 38, 39, 40, 42, 43, 44, 45, 46, 47, 48, 49, 50], 0.843, 1)
(11, [2, 3, 4, 5, 6, 7, 10, 11, 12, 13, 16, 17, 18, 19, 20, 21, 23, 24, 25, 26, 27, 28, 29, 30, 31, 34, 35, 36, 37, 38, 39, 40, 43, 44, 45, 46, 47, 48, 49, 50], 0.845, 42)
(12, [2, 3, 4, 5, 6, 7, 10, 11, 12, 13, 16, 17, 18, 19, 20, 21, 23, 24, 25, 26, 27, 28, 29, 30, 34, 35, 36, 37, 38, 39, 40, 43, 44, 45, 46, 47, 48, 49, 50], 0.845, 31)
(13, [2, 3, 4, 5, 6, 7, 10, 11, 12, 13, 17, 18, 19, 20, 21, 23, 24, 25, 26, 27, 28, 29, 30, 34, 35, 36, 37, 38, 39, 40, 43, 44, 45, 46, 47, 48, 49, 50], 0.849, 16)
(14, [2, 3, 4, 5, 6, 7, 10, 11, 12, 13, 17, 18, 19, 20, 23, 24, 25, 26, 27, 28, 29, 30, 34, 35, 36, 37, 38, 39, 40, 43, 44, 45, 46, 47, 48, 49, 50], 0.848, 21)
(15, [2, 3, 4, 5, 6, 7, 10, 11, 12, 13, 17, 18, 19, 20, 23, 24, 25, 26, 27, 29, 30, 34, 35, 36, 37, 38, 39, 40, 43, 44, 45, 46, 47, 48, 49, 50], 0.847, 28)
(16, [2, 3, 4, 5, 6, 10, 11, 12, 13, 17, 18, 19, 20, 23, 24, 25, 26, 27, 29, 30, 34, 35, 36, 37, 38, 39, 40, 43, 44, 45, 46, 47, 48, 49, 50], 0.847, 7)
(17, [2, 3, 4, 5, 6, 10, 11, 12, 13, 17, 18, 19, 20, 23, 24, 25, 26, 27, 29, 30, 34, 36, 37, 38, 39, 40, 43, 44, 45, 46, 47, 48, 49, 50], 0.847, 35)
(18, [2, 3, 4, 5, 6, 10, 11, 12, 13, 17, 18, 19, 20, 23, 24, 25, 26, 27, 29, 30, 34, 36, 37, 38, 39, 40, 43, 44, 45, 47, 48, 49, 50], 0.849, 46)
(19, [2, 3, 4, 5, 6, 10, 11, 12, 13, 17, 18, 19, 20, 23, 24, 25, 26, 27, 29, 30, 34, 36, 37, 38, 39, 40, 43, 44, 45, 47, 48, 49], 0.848, 50)
(20, [2, 3, 4, 5, 6, 10, 11, 12, 13, 17, 18, 19, 20, 23, 24, 25, 26, 29, 30, 34, 36, 37, 38, 39, 40, 43, 44, 45, 47, 48, 49], 0.848, 27)
(21, [2, 3, 4, 5, 6, 10, 11, 12, 13, 17, 18, 19, 20, 24, 25, 26, 29, 30, 34, 36, 37, 38, 39, 40, 43, 44, 45, 47, 48, 49], 0.847, 23)
(22, [2, 3, 4, 5, 6, 10, 11, 12, 13, 17, 18, 19, 20, 24, 25, 26, 29, 30, 34, 36, 37, 38, 39, 40, 43, 44, 47, 48, 49], 0.85, 45)
(23, [2, 3, 4, 5, 6, 10, 11, 12, 13, 17, 18, 19, 20, 24, 25, 26, 29, 30, 34, 36, 37, 38, 39, 43, 44, 47, 48, 49], 0.85, 40)
(24, [2, 3, 4, 5, 6, 10, 11, 12, 13, 18, 19, 20, 24, 25, 26, 29, 30, 34, 36, 37, 38, 39, 43, 44, 47, 48, 49], 0.847, 17)
(25, [2, 3, 4, 5, 6, 10, 11, 12, 13, 18, 20, 24, 25, 26, 29, 30, 34, 36, 37, 38, 39, 43, 44, 47, 48, 49], 0.847, 19)
(26, [2, 3, 4, 6, 10, 11, 12, 13, 18, 20, 24, 25, 26, 29, 30, 34, 36, 37, 38, 39, 43, 44, 47, 48, 49], 0.846, 5)
(27, [2, 3, 4, 6, 10, 11, 12, 13, 18, 20, 24, 25, 26, 29, 30, 34, 36, 38, 39, 43, 44, 47, 48, 49], 0.846, 37)
(28, [2, 4, 6, 10, 11, 12, 13, 18, 20, 24, 25, 26, 29, 30, 34, 36, 38, 39, 43, 44, 47, 48, 49], 0.843, 3)
(29, [2, 4, 6, 10, 11, 12, 13, 18, 20, 24, 25, 26, 29, 30, 34, 36, 38, 39, 43, 47, 48, 49], 0.846, 44)
(30, [2, 4, 6, 10, 11, 12, 13, 18, 20, 24, 25, 26, 29, 30, 36, 38, 39, 43, 47, 48, 49], 0.844, 34)
(31, [2, 4, 6, 10, 11, 12, 13, 18, 20, 24, 25, 29, 30, 36, 38, 39, 43, 47, 48, 49], 0.848, 26)
(32, [2, 4, 6, 10, 11, 12, 13, 18, 20, 24, 25, 29, 30, 36, 38, 39, 47, 48, 49], 0.85, 43)
(33, [2, 4, 6, 10, 11, 12, 13, 18, 20, 24, 25, 29, 36, 38, 39, 47, 48, 49], 0.848, 30)
(34, [2, 4, 6, 10, 11, 12, 13, 18, 20, 24, 25, 29, 38, 39, 47, 48, 49], 0.851, 36)
(35, [2, 4, 6, 10, 11, 12, 13, 18, 20, 24, 25, 38, 39, 47, 48, 49], 0.855, 29)
(36, [2, 4, 6, 10, 11, 12, 13, 18, 20, 24, 25, 38, 39, 48, 49], 0.861, 47)
(37, [2, 4, 6, 10, 11, 13, 18, 20, 24, 25, 38, 39, 48, 49], 0.855, 12)
(38, [2, 4, 6, 10, 11, 13, 20, 24, 25, 38, 39, 48, 49], 0.857, 18)
(39, [2, 4, 6, 10, 11, 13, 20, 24, 25, 38, 39, 49], 0.855, 48)
(40, [4, 6, 10, 11, 13, 20, 24, 25, 38, 39, 49], 0.858, 2)
(41, [4, 10, 11, 13, 20, 24, 25, 38, 39, 49], 0.856, 6)
(42, [4, 10, 11, 13, 20, 24, 25, 38, 39], 0.86, 49)
(43, [4, 11, 13, 20, 24, 25, 38, 39], 0.866, 10)
(44, [4, 13, 20, 24, 25, 38, 39], 0.872, 11)
(45, [4, 13, 20, 24, 25, 39], 0.873, 38)
(46, [4, 13, 20, 24, 39], 0.896, 25)
(47, [4, 13, 24, 39], 0.923, 20)
(48, [4, 13, 24], 0.948, 39)
(49, [4, 24], 0.96, 13)
(50, [4], 0.842, 24)
(51, [], np.float64(0.837))
