(1, [1, 2, 3, 4, 5, 6, 7, 8, 9, 10, 11, 12, 13, 14, 15, 16, 17, 18, 19, 20, 21, 22, 23, 24, 25, 26, 27, 28, 29, 30, 31, 32, 33, 34, 35, 36, 37, 38, 39, 40, 41, 42, 43, 44, 45, 46, 47, 48, 49, 50], 0.792)
(2, [1, 2, 3, 4, 5, 6, 7, 8, 9, 10, 12, 13, 14, 15, 16, 17, 18, 19, 20, 21, 22, 23, 24, 25, 26, 27, 28, 29, 30, 31, 32, 33, 34, 35, 36, 37, 38, 39, 40, 41, 42, 43, 44, 45, 46, 47, 48, 49, 50], 0.808, 11)
(3, [1, 2, 3, 4, 5, 6, 7, 8, 9, 10, 12, 13, 14, 15, 16, 17, 18, 19, 20, 21, 23, 24, 25, 26, 27, 28, 29, 30, 31, 32, 33, 34, 35, 36, 37, 38, 39, 40, 41, 42, 43, 44, 45, 46, 47, 48, 49, 50], 0.808, 22)
(4, [1, 2, 3, 4, 5, 6, 7, 8, 9, 10, 12, 13, 14, 15, 16, 17, 18, 19, 20, 21, 23, 24, 25, 26, 27, 28, 29, 30, 31, 33, 34, 35, 36, 37, 38, 39, 40, 41, 42, 43, 44, 45, 46, 47, 48, 49, 50], 0.812, 32)
(5, [1, 2, 3, 4, 5, 6, 7, 8, 9, 10, 12, 13, 14, 15, 16, 17, 18, 19, 20, 21, 23, 24, 25, 26, 27, 28, 29, 30, 31, 33, 34, 35, 36, 37, 38, 39, 40, 41, 43, 44, 45, 46, 47, 48, 49, 50], 0.813, 42)
(6, [1, 2, 3, 4, 5, 6, 7, 8, 9, 10, 12, 13, 14, 15, 16, 17, 18, 20, 21, 23, 24, 25, 26, 27, 28, 29, 30, 31, 33, 34, 35, 36, 37, 38, 39, 40, 41, 43, 44, 45, 46, 47, 48, 49, 50], 0.819, 19)
(7, [1, 2, 3, 4, 5, 6, 7, 8, 9, 10, 12, 13, 14, 15, 17, 18, 20, 21, 23, 24, 25, 26, 27, 28, 29, 30, 31, 33, 34, 35, 36, 37, 38, 39, 40, 41, 43, 44, 45, 46, 47, 48, 49, 50], 0.824, 16)
(8, [1, 2, 3, 4, 5, 6, 7, 8, 9, 10, 12, 13, 14, 15, 17, 18, 20, 21, 23, 24, 25, 26, 27, 28, 29, 30, 31, 33, 34, 35, 36, 37, 38, 39, 40, 43, 44, 45, 46, 47, 48, 49, 50], 0.829, 41)
(9, [1, 2, 3, 4, 5, 6, 7, 9, 10, 12, 13, 14, 15, 17, 18, 20, 21, 23, 24, 25, 26, 27, 28, 29, 30, 31, 33, 34, 35, 36, 37, 38, 39, 40, 43, 44, 45, 46, 47, 48, 49, 50], 0.834, 8)
(10, [1, 2, 3, 4, 5, 6, 7, 9, 10, 12, 13, 14, 15, 17, 18, 20, 21, 23, 25, 26, 27, 28, 29, 30, 31, 33, 34, 35, 36, 37, 38, 39, 40, 43, 44, 45, 46, 47, 48, 49, 50], 0.84, 24)
(11, [1, 2, 3, 4, 5, 6, 7, 9, 10, 12, 13, 14, 15, 17, 20, 21, 23, 25, 26, 27, 28, 29, 30, 31, 33, 34, 35, 36, 37, 38, 39, 40, 43, 44, 45, 46, 47, 48, 49, 50], 0.838, 18)
(12, [1, 2, 3, 4, 6, 7, 9, 10, 12, 13, 14, 15, 17, 20, 21, 23, 25, 26, 27, 28, 29, 30, 31, 33, 34, 35, 36, 37, 38, 39, 40, 43, 44, 45, 46, 47, 48, 49, 50], 0.835, 5)
(13, [1, 2, 3, 4, 6, 7, 9, 10, 12, 13, 14, 15, 17, 20, 21, 23, 25, 26, 27, 28, 29, 30, 33, 34, 35, 36, 37, 38, 39, 40, 43, 44, 45, 46, 47, 48, 49, 50], 0.836, 31)
(14, [1, 2, 3, 4, 6, 7, 9, 10, 12, 13, 14, 15, 17, 20, 21, 25, 26, 27, 28, 29, 30, 33, 34, 35, 36, 37, 38, 39, 40, 43, 44, 45, 46, 47, 48, 49, 50], 0.84, 23)
(15, [1, 2, 3, 4, 6, 7, 9, 10, 12, 13, 14, 15, 17, 20, 21, 25, 26, 27, 28, 29, 30, 33, 35, 36, 37, 38, 39, 40, 43, 44, 45, 46, 47, 48, 49, 50], 0.842, 34)
(16, [2, 3, 4, 6, 7, 9, 10, 12, 13, 14, 15, 17, 20, 21, 25, 26, 27, 28, 29, 30, 33, 35, 36, 37, 38, 39, 40, 43, 44, 45, 46, 47, 48, 49, 50], 0.834, 1)
(17, [2, 3, 4, 6, 7, 9, 10, 12, 13, 14, 15, 17, 20, 21, 25, 26, 27, 29, 30, 33, 35, 36, 37, 38, 39, 40, 43, 44, 45, 46, 47, 48, 49, 50], 0.834, 28)
(18, [2, 3, 4, 6, 7, 9, 10, 12, 13, 14, 17, 20, 21, 25, 26, 27, 29, 30, 33, 35, 36, 37, 38, 39, 40, 43, 44, 45, 46, 47, 48, 49, 50], 0.837, 15)
(19, [2, 3, 4, 6, 7, 9, 10, 13, 14, 17, 20, 21, 25, 26, 27, 29, 30, 33, 35, 36, 37, 38, 39, 40, 43, 44, 45, 46, 47, 48, 49, 50], 0.839, 12)
(20, [2, 3, 4, 6, 9, 10, 13, 14, 17, 20, 21, 25, 26, 27, 29, 30, 33, 35, 36, 37, 38, 39, 40, 43, 44, 45, 46, 47, 48, 49, 50], 0.837, 7)
(21, [2, 3, 6, 9, 10, 13, 14, 17, 20, 21, 25, 26, 27, 29, 30, 33, 35, 36, 37, 38, 39, 40, 43, 44, 45, 46, 47, 48, 49, 50], 0.837, 4)
(22, [2, 3, 6, 9, 10, 13, 14, 17, 20, 21, 25, 26, 27, 29, 30, 33, 36, 37, 38, 39, 40, 43, 44, 45, 46, 47, 48, 49, 50], 0.836, 35)
(23, [2, 3, 6, 9, 10, 13, 14, 17, 20, 21, 25, 26, 27, 29, 30, 33, 36, 37, 39, 40, 43, 44, 45, 46, 47, 48, 49, 50], 0.836, 38)
(24, [2, 3, 6, 9, 10, 13, 14, 17, 20, 21, 25, 26, 27, 29, 30, 33, 36, 37, 39, 40, 43, 45, 46, 47, 48, 49, 50], 0.835, 44)
(25, [2, 3, 6, 9, 10, 13, 14, 17, 20, 21, 25, 26, 27, 29, 30, 33, 37, 39, 40, 43, 45, 46, 47, 48, 49, 50], 0.835, 36)
(26, [2, 3, 6, 9, 10, 13, 14, 17, 20, 21, 25, 27, 29, 30, 33, 37, 39, 40, 43, 45, 46, 47, 48, 49, 50], 0.836, 26)
(27, [2, 3, 6, 9, 10, 13, 14, 17, 20, 21, 25, 27, 29, 30, 33, 37, 39, 40, 45, 46, 47, 48, 49, 50], 0.835, 43)
(28, [2, 3, 6, 9, 10, 13, 14, 17, 20, 25, 27, 29, 30, 33, 37, 39, 40, 45, 46, 47, 48, 49, 50], 0.832, 21)
(29, [2, 3, 6, 9, 10, 13, 14, 17, 20, 25, 27, 29, 30, 33, 37, 39, 40, 45, 46, 47, 48, 50], 0.834, 49)
(30, [2, 3, 6, 9, 10, 13, 14, 17, 20, 25, 27, 29, 33, 37, 39, 40, 45, 46, 47, 48, 50], 0.833, 30)
(31, [2, 3, 6, 9, 13, 14, 17, 20, 25, 27, 29, 33, 37, 39, 40, 45, 46, 47, 48, 50], 0.837, 10)
(32, [2, 3, 6, 9, 13, 14, 17, 20, 25, 27, 29, 33, 39, 40, 45, 46, 47, 48, 50], 0.837, 37)
(33, [2, 3, 6, 9, 13, 14, 17, 20, 25, 27, 29, 33, 39, 40, 45, 46, 47, 50], 0.836, 48)
(34, [2, 3, 6, 9, 13, 14, 17, 20, 25, 27, 29, 33, 39, 40, 45, 46, 47], 0.835, 50)
(35, [2, 3, 6, 13, 14, 17, 20, 25, 27, 29, 33, 39, 40, 45, 46, 47], 0.836, 9)
(36, [2, 3, 6, 13, 14, 17, 20, 25, 27, 29, 33, 39, 40, 46, 47], 0.837, 45)
(37, [2, 3, 6, 14, 17, 20, 25, 27, 29, 33, 39, 40, 46, 47], 0.836, 13)
(38, [2, 3, 6, 14, 20, 25, 27, 29, 33, 39, 40, 46, 47], 0.833, 17)
(39, [2, 3, 6, 14, 20, 25, 27, 29, 33, 39, 46, 47], 0.83, 40)
(40, [2, 3, 6, 14, 20, 25, 27, 33, 39, 46, 47], 0.831, 29)
(41, [2, 3, 6, 14, 20, 25, 27, 39, 46, 47], 0.829, 33)
(42, [2, 3, 6, 14, 20, 25, 27, 46, 47], 0.825, 39)
(43, [2, 3, 14, 20, 25, 27, 46, 47], 0.825, 6)
(44, [2, 3, 14, 20, 25, 46, 47], 0.828, 27)
(45, [2, 3, 20, 25, 46, 47], 0.823, 14)
(46, [2, 3, 20, 25, 47], 0.824, 46)
(47, [2, 3, 20, 25], 0.818, 47)
(48, [3, 20, 25], 0.823, 2)
(49, [3, 20], 0.824, 25)
(50, [3], 0.817, 20)
(51, [], np.float64(0.837))
