(1, [1, 2, 3, 4, 5, 6, 7, 8, 9, 10, 11, 12, 13, 14, 15, 16, 17, 18, 19, 20, 21, 22, 23, 24, 25, 26, 27, 28, 29, 30, 31, 32, 33, 34, 35, 36, 37, 38, 39, 40, 41, 42, 43, 44, 45, 46, 47, 48, 49, 50], 0.75)
(2, [1, 2, 3, 4, 5, 6, 7, 8, 9, 10, 11, 12, 13, 14, 15, 16, 17, 18, 19, 20, 21, 22, 23, 25, 26, 27, 28, 29, 30, 31, 32, 33, 34, 35, 36, 37, 38, 39, 40, 41, 42, 43, 44, 45, 46, 47, 48, 49, 50], 0.776, 24)
(3, [1, 2, 3, 5, 6, 7, 8, 9, 10, 11, 12, 13, 14, 15, 16, 17, 18, 19, 20, 21, 22, 23, 25, 26, 27, 28, 29, 30, 31, 32, 33, 34, 35, 36, 37, 38, 39, 40, 41, 42, 43, 44, 45, 46, 47, 48, 49, 50], 0.785, 4)
(4, [1, 2, 3, 5, 6, 7, 9, 10, 11, 12, 13, 14, 15, 16, 17, 18, 19, 20, 21, 22, 23, 25, 26, 27, 28, 29, 30, 31, 32, 33, 34, 35, 36, 37, 38, 39, 40, 41, 42, 43, 44, 45, 46, 47, 48, 49, 50], 0.792, 8)
(5, [1, 2, 3, 5, 6, 7, 9, 10, 11, 12, 13, 14, 15, 16, 17, 19, 20, 21, 22, 23, 25, 26, 27, 28, 29, 30, 31, 32, 33, 34, 35, 36, 37, 38, 39, 40, 41, 42, 43, 44, 45, 46, 47, 48, 49, 50], 0.794, 18)
(6, [1, 2, 3, 5, 6, 7, 9, 10, 11, 12, 13, 14, 15, 16, 17, 19, 20, 21, 22, 23, 25, 26, 27, 28, 29, 30, 31, 32, 33, 34, 35, 36, 37, 38, 40, 41, 42, 43, 44, 45, 46, 47, 48, 49, 50], 0.8, 39)
(7, [1, 2, 3, 5, 6, 7, 9, 10, 11, 12, 13, 14, 15, 16, 17, 19, 20, 21, 22, 23, 25, 26, 27, 28, 29, 30, 31, 32, 33, 34, 35, 36, 37, 38, 40, 41, 42, 43, 44, 45, 46, 48, 49, 50], 0.806, 47)
(8, [1, 2, 3, 5, 6, 7, 9, 10, 11, 12, 13, 15, 16, 17, 19, 20, 21, 22, 23, 25, 26, 27, 28, 29, 30, 31, 32, 33, 34, 35, 36, 37, 38, 40, 41, 42, 43, 44, 45, 46, 48, 49, 50], 0.807, 14)
(9, [1, 2, 3, 5, 6, 7, 9, 10, 11, 12, 13, 15, 16, 17, 19, 20, 21, 22, 23, 25, 26, 27, 28, 29, 30, 31, 32, 33, 34, 35, 36, 37, 38, 40, 42, 43, 44, 45, 46, 48, 49, 50], 0.805, 41)
(10, [1, 2, 3, 5, 6, 7, 9, 10, 11, 12, 13, 15, 16, 17, 19, 20, 21, 22, 23, 25, 26, 27, 28, 29, 30, 31, 32, 34, 35, 36, 37, 38, 40, 42, 43, 44, 45, 46, 48, 49, 50], 0.809, 33)
(11, [1, 2, 3, 5, 6, 7, 9, 10, 11, 12, 13, 15, 16, 17, 19, 20, 21, 22, 23, 25, 26, 27, 28, 29, 31, 32, 34, 35, 36, 37, 38, 40, 42, 43, 44, 45, 46, 48, 49, 50], 0.812, 30)
(12, [1, 2, 3, 5, 6, 7, 9, 10, 12, 13, 15, 16, 17, 19, 20, 21, 22, 23, 25, 26, 27, 28, 29, 31, 32, 34, 35, 36, 37, 38, 40, 42, 43, 44, 45, 46, 48, 49, 50], 0.814, 11)
(13, [1, 2, 3, 5, 6, 7, 9, 10, 12, 13, 15, 16, 17, 19, 21, 22, 23, 25, 26, 27, 28, 29, 31, 32, 34, 35, 36, 37, 38, 40, 42, 43, 44, 45, 46, 48, 49, 50], 0.814, 20)
(14, [1, 2, 3, 5, 6, 7, 9, 10, 12, 13, 15, 16, 17, 19, 21, 23, 25, 26, 27, 28, 29, 31, 32, 34, 35, 36, 37, 38, 40, 42, 43, 44, 45, 46, 48, 49, 50], 0.82, 22)
(15, [1, 2, 3, 5, 6, 7, 9, 10, 12, 13, 15, 16, 17, 19, 21, 23, 25, 26, 27, 28, 29, 31, 32, 34, 35, 36, 37, 38, 40, 42, 43, 44, 45, 48, 49, 50], 0.824, 46)
(16, [1, 2, 3, 5, 6, 7, 9, 10, 12, 13, 15, 16, 17, 21, 23, 25, 26, 27, 28, 29, 31, 32, 34, 35, 36, 37, 38, 40, 42, 43, 44, 45, 48, 49, 50], 0.825, 19)
(17, [1, 2, 3, 5, 6, 9, 10, 12, 13, 15, 16, 17, 21, 23, 25, 26, 27, 28, 29, 31, 32, 34, 35, 36, 37, 38, 40, 42, 43, 44, 45, 48, 49, 50], 0.827, 7)
(18, [1, 2, 3, 5, 6, 9, 10, 12, 13, 15, 16, 17, 21, 23, 25, 26, 27, 28, 31, 32, 34, 35, 36, 37, 38, 40, 42, 43, 44, 45, 48, 49, 50], 0.824, 29)
(19, [1, 2, 3, 5, 6, 9, 10, 12, 13, 15, 16, 17, 21, 23, 25, 26, 27, 28, 31, 32, 34, 36, 37, 38, 40, 42, 43, 44, 45, 48, 49, 50], 0.823, 35)
(20, [1, 2, 3, 5, 6, 9, 10, 12, 13, 15, 16, 17, 21, 23, 25, 26, 27, 28, 31, 32, 34, 36, 37, 38, 40, 42, 43, 45, 48, 49, 50], 0.826, 44)
(21, [1, 2, 3, 5, 6, 9, 10, 12, 13, 15, 16, 17, 21, 23, 25, 26, 27, 28, 31, 34, 36, 37, 38, 40, 42, 43, 45, 48, 49, 50], 0.828, 32)
(22, [2, 3, 5, 6, 9, 10, 12, 13, 15, 16, 17, 21, 23, 25, 26, 27, 28, 31, 34, 36, 37, 38, 40, 42, 43, 45, 48, 49, 50], 0.824, 1)
(23, [2, 3, 5, 6, 9, 10, 12, 13, 15, 16, 17, 21, 23, 25, 26, 27, 28, 31, 34, 36, 37, 38, 40, 42, 43, 48, 49, 50], 0.821, 45)
(24, [2, 3, 5, 6, 9, 10, 12, 13, 15, 16, 17, 21, 23, 25, 26, 27, 28, 31, 34, 36, 37, 38, 40, 42, 48, 49, 50], 0.82, 43)
(25, [2, 5, 6, 9, 10, 12, 13, 15, 16, 17, 21, 23, 25, 26, 27, 28, 31, 34, 36, 37, 38, 40, 42, 48, 49, 50], 0.818, 3)
(26, [2, 5, 6, 9, 10, 12, 13, 15, 16, 17, 21, 23, 25, 26, 27, 28, 31, 34, 36, 37, 38, 42, 48, 49, 50], 0.822, 40)
(27, [2, 5, 6, 9, 10, 12, 13, 15, 16, 17, 21, 23, 25, 26, 27, 28, 31, 34, 36, 37, 38, 42, 49, 50], 0.824, 48)
(28, [2, 5, 6, 10, 12, 13, 15, 16, 17, 21, 23, 25, 26, 27, 28, 31, 34, 36, 37, 38, 42, 49, 50], 0.825, 9)
(29, [2, 5, 6, 10, 12, 13, 15, 16, 17, 21, 23, 25, 26, 27, 28, 34, 36, 37, 38, 42, 49, 50], 0.829, 31)
(30, [2, 5, 6, 10, 13, 15, 16, 17, 21, 23, 25, 26, 27, 28, 34, 36, 37, 38, 42, 49, 50], 0.83, 12)
(31, [2, 5, 6, 10, 13, 16, 17, 21, 23, 25, 26, 27, 28, 34, 36, 37, 38, 42, 49, 50], 0.825, 15)
(32, [2, 5, 6, 10, 13, 16, 17, 21, 23, 25, 26, 27, 28, 34, 36, 37, 42, 49, 50], 0.827, 38)
(33, [2, 5, 6, 10, 13, 16, 17, 21, 23, 25, 26, 27, 28, 34, 36, 37, 49, 50], 0.831, 42)
(34, [2, 5, 6, 13, 16, 17, 21, 23, 25, 26, 27, 28, 34, 36, 37, 49, 50], 0.831, 10)
(35, [2, 5, 6, 13, 16, 17, 21, 25, 26, 27, 28, 34, 36, 37, 49, 50], 0.828, 23)
(36, [2, 5, 6, 16, 17, 21, 25, 26, 27, 28, 34, 36, 37, 49, 50], 0.824, 13)
(37, [2, 5, 16, 17, 21, 25, 26, 27, 28, 34, 36, 37, 49, 50], 0.823, 6)
(38, [2, 5, 16, 17, 21, 25, 26, 27, 28, 34, 36, 37, 50], 0.828, 49)
(39, [2, 5, 16, 17, 21, 25, 26, 27, 28, 34, 36, 37], 0.823, 50)
(40, [2, 5, 16, 17, 25, 26, 27, 28, 34, 36, 37], 0.823, 21)
(41, [2, 5, 16, 17, 25, 27, 28, 34, 36, 37], 0.814, 26)
(42, [2, 5, 16, 17, 25, 28, 34, 36, 37], 0.819, 27)
(43, [2, 5, 16, 17, 28, 34, 36, 37], 0.809, 25)
(44, [2, 5, 16, 17, 28, 34, 37], 0.815, 36)
(45, [2, 5, 16, 17, 28, 37], 0.811, 34)
(46, [2, 5, 16, 28, 37], 0.802, 17)
(47, [2, 5, 28, 37], 0.806, 16)
(48, [5, 28, 37], 0.805, 2)
(49, [5, 37], 0.808, 28)
(50, [37], 0.789, 5)
(51, [], np.float64(0.837))
