(0, [], np.float64(0.837))
(1, [44], 0.844, 44)
(2, [44, 4], 0.838, 4)
(3, [44, 4, 24], 0.938, 24)
(4, [44, 4, 24, 40], 0.934, 40)
(5, [44, 4, 24, 40, 46], 0.902, 46)
(6, [44, 4, 24, 40, 46, 42], 0.89, 42)
(7, [44, 4, 24, 40, 46, 42, 47], 0.879, 47)
(8, [44, 4, 24, 40, 46, 42, 47, 30], 0.873, 30)
(9, [44, 4, 24, 40, 46, 42, 47, 30, 3], 0.864, 3)
(10, [44, 4, 24, 40, 46, 42, 47, 30, 3, 9], 0.856, 9)
(11, [44, 4, 24, 40, 46, 42, 47, 30, 3, 9, 7], 0.854, 7)
(12, [44, 4, 24, 40, 46, 42, 47, 30, 3, 9, 7, 37], 0.846, 37)
(13, [44, 4, 24, 40, 46, 42, 47, 30, 3, 9, 7, 37, 26], 0.849, 26)
(14, [44, 4, 24, 40, 46, 42, 47, 30, 3, 9, 7, 37, 26, 1], 0.851, 1)
(15, [44, 4, 24, 40, 46, 42, 47, 30, 3, 9, 7, 37, 26, 1, 35], 0.848, 35)
(16, [44, 4, 24, 40, 46, 42, 47, 30, 3, 9, 7, 37, 26, 1, 35, 34], 0.854, 34)
(17, [44, 4, 24, 40, 46, 42, 47, 30, 3, 9, 7, 37, 26, 1, 35, 34, 33], 0.859, 33)
(18, [44, 4, 24, 40, 46, 42, 47, 30, 3, 9, 7, 37, 26, 1, 35, 34, 33, 2], 0.848, 2)
(19, [44, 4, 24, 40, 46, 42, 47, 30, 3, 9, 7, 37, 26, 1, 35, 34, 33, 2, 17], 0.847, 17)
(20, [44, 4, 24, 40, 46, 42, 47, 30, 3, 9, 7, 37, 26, 1, 35, 34, 33, 2, 17, 15], 0.851, 15)
(21, [44, 4, 24, 40, 46, 42, 47, 30, 3, 9, 7, 37, 26, 1, 35, 34, 33, 2, 17, 15, 28], 0.84, 28)
(22, [44, 4, 24, 40, 46, 42, 47, 30, 3, 9, 7, 37, 26, 1, 35, 34, 33, 2, 17, 15, 28, 27], 0.837, 27)
(23, [44, 4, 24, 40, 46, 42, 47, 30, 3, 9, 7, 37, 26, 1, 35, 34, 33, 2, 17, 15, 28, 27, 22], 0.84, 22)
(24, [44, 4, 24, 40, 46, 42, 47, 30, 3, 9, 7, 37, 26, 1, 35, 34, 33, 2, 17, 15, 28, 27, 22, 13], 0.842, 13)
(25, [44, 4, 24, 40, 46, 42, 47, 30, 3, 9, 7, 37, 26, 1, 35, 34, 33, 2, 17, 15, 28, 27, 22, 13, 10], 0.843, 10)
(26, [44, 4, 24, 40, 46, 42, 47, 30, 3, 9, 7, 37, 26, 1, 35, 34, 33, 2, 17, 15, 28, 27, 22, 13, 10, 41], 0.846, 41)
(27, [44, 4, 24, 40, 46, 42, 47, 30, 3, 9, 7, 37, 26, 1, 35, 34, 33, 2, 17, 15, 28, 27, 22, 13, 10, 41, 25], 0.846, 25)
(28, [44, 4, 24, 40, 46, 42, 47, 30, 3, 9, 7, 37, 26, 1, 35, 34, 33, 2, 17, 15, 28, 27, 22, 13, 10, 41, 25, 18], 0.845, 18)
(29, [44, 4, 24, 40, 46, 42, 47, 30, 3, 9, 7, 37, 26, 1, 35, 34, 33, 2, 17, 15, 28, 27, 22, 13, 10, 41, 25, 18, 5], 0.846, 5)
(30, [44, 4, 24, 40, 46, 42, 47, 30, 3, 9, 7, 37, 26, 1, 35, 34, 33, 2, 17, 15, 28, 27, 22, 13, 10, 41, 25, 18, 5, 38], 0.846, 38)
(31, [44, 4, 24, 40, 46, 42, 47, 30, 3, 9, 7, 37, 26, 1, 35, 34, 33, 2, 17, 15, 28, 27, 22, 13, 10, 41, 25, 18, 5, 38, 29], 0.843, 29)
(32, [44, 4, 24, 40, 46, 42, 47, 30, 3, 9, 7, 37, 26, 1, 35, 34, 33, 2, 17, 15, 28, 27, 22, 13, 10, 41, 25, 18, 5, 38, 29, 20], 0.842, 20)
(33, [44, 4, 24, 40, 46, 42, 47, 30, 3, 9, 7, 37, 26, 1, 35, 34, 33, 2, 17, 15, 28, 27, 22, 13, 10, 41, 25, 18, 5, 38, 29, 20, 23], 0.848, 23)
(34, [44, 4, 24, 40, 46, 42, 47, 30, 3, 9, 7, 37, 26, 1, 35, 34, 33, 2, 17, 15, 28, 27, 22, 13, 10, 41, 25, 18, 5, 38, 29, 20, 23, 45], 0.848, 45)
(35, [44, 4, 24, 40, 46, 42, 47, 30, 3, 9, 7, 37, 26, 1, 35, 34, 33, 2, 17, 15, 28, 27, 22, 13, 10, 41, 25, 18, 5, 38, 29, 20, 23, 45, 36], 0.846, 36)
(36, [44, 4, 24, 40, 46, 42, 47, 30, 3, 9, 7, 37, 26, 1, 35, 34, 33, 2, 17, 15, 28, 27, 22, 13, 10, 41, 25, 18, 5, 38, 29, 20, 23, 45, 36, 49], 0.847, 49)
(37, [44, 4, 24, 40, 46, 42, 47, 30, 3, 9, 7, 37, 26, 1, 35, 34, 33, 2, 17, 15, 28, 27, 22, 13, 10, 41, 25, 18, 5, 38, 29, 20, 23, 45, 36, 49, 8], 0.843, 8)
(38, [44, 4, 24, 40, 46, 42, 47, 30, 3, 9, 7, 37, 26, 1, 35, 34, 33, 2, 17, 15, 28, 27, 22, 13, 10, 41, 25, 18, 5, 38, 29, 20, 23, 45, 36, 49, 8, 32], 0.845, 32)
(39, [44, 4, 24, 40, 46, 42, 47, 30, 3, 9, 7, 37, 26, 1, 35, 34, 33, 2, 17, 15, 28, 27, 22, 13, 10, 41, 25, 18, 5, 38, 29, 20, 23, 45, 36, 49, 8, 32, 11], 0.842, 11)
(40, [44, 4, 24, 40, 46, 42, 47, 30, 3, 9, 7, 37, 26, 1, 35, 34, 33, 2, 17, 15, 28, 27, 22, 13, 10, 41, 25, 18, 5, 38, 29, 20, 23, 45, 36, 49, 8, 32, 11, 6], 0.832, 6)
(41, [44, 4, 24, 40, 46, 42, 47, 30, 3, 9, 7, 37, 26, 1, 35, 34, 33, 2, 17, 15, 28, 27, 22, 13, 10, 41, 25, 18, 5, 38, 29, 20, 23, 45, 36, 49, 8, 32, 11, 6, 48], 0.83, 48)
(42, [44, 4, 24, 40, 46, 42, 47, 30, 3, 9, 7, 37, 26, 1, 35, 34, 33, 2, 17, 15, 28, 27, 22, 13, 10, 41, 25, 18, 5, 38, 29, 20, 23, 45, 36, 49, 8, 32, 11, 6, 48, 43], 0.833, 43)
(43, [44, 4, 24, 40, 46, 42, 47, 30, 3, 9, 7, 37, 26, 1, 35, 34, 33, 2, 17, 15, 28, 27, 22, 13, 10, 41, 25, 18, 5, 38, 29, 20, 23, 45, 36, 49, 8, 32, 11, 6, 48, 43, 39], 0.833, 39)
(44, [44, 4, 24, 40, 46, 42, 47, 30, 3, 9, 7, 37, 26, 1, 35, 34, 33, 2, 17, 15, 28, 27, 22, 13, 10, 41, 25, 18, 5, 38, 29, 20, 23, 45, 36, 49, 8, 32, 11, 6, 48, 43, 39, 21], 0.835, 21)
(45, [44, 4, 24, 40, 46, 42, 47, 30, 3, 9, 7, 37, 26, 1, 35, 34, 33, 2, 17, 15, 28, 27, 22, 13, 10, 41, 25, 18, 5, 38, 29, 20, 23, 45, 36, 49, 8, 32, 11, 6, 48, 43, 39, 21, 12], 0.829, 12)
(46, [44, 4, 24, 40, 46, 42, 47, 30, 3, 9, 7, 37, 26, 1, 35, 34, 33, 2, 17, 15, 28, 27, 22, 13, 10, 41, 25, 18, 5, 38, 29, 20, 23, 45, 36, 49, 8, 32, 11, 6, 48, 43, 39, 21, 12, 14], 0.831, 14)
(47, [44, 4, 24, 40, 46, 42, 47, 30, 3, 9, 7, 37, 26, 1, 35, 34, 33, 2, 17, 15, 28, 27, 22, 13, 10, 41, 25, 18, 5, 38, 29, 20, 23, 45, 36, 49, 8, 32, 11, 6, 48, 43, 39, 21, 12, 14, 31], 0.825, 31)
(48, [44, 4, 24, 40, 46, 42, 47, 30, 3, 9, 7, 37, 26, 1, 35, 34, 33, 2, 17, 15, 28, 27, 22, 13, 10, 41, 25, 18, 5, 38, 29, 20, 23, 45, 36, 49, 8, 32, 11, 6, 48, 43, 39, 21, 12, 14, 31, 50], 0.822, 50)
(49, [44, 4, 24, 40, 46, 42, 47, 30, 3, 9, 7, 37, 26, 1, 35, 34, 33, 2, 17, 15, 28, 27, 22, 13, 10, 41, 25, 18, 5, 38, 29, 20, 23, 45, 36, 49, 8, 32, 11, 6, 48, 43, 39, 21, 12, 14, 31, 50, 16], 0.822, 16)
(50, [44, 4, 24, 40, 46, 42, 47, 30, 3, 9, 7, 37, 26, 1, 35, 34, 33, 2, 17, 15, 28, 27, 22, 13, 10, 41, 25, 18, 5, 38, 29, 20, 23, 45, 36, 49, 8, 32, 11, 6, 48, 43, 39, 21, 12, 14, 31, 50, 16, 19], 0.817, 19)
