(0, [], np.float64(0.837))
(1, [4], 0.835, 4)
(2, [4, 24], 0.964, 24)
(3, [4, 24, 11], 0.954, 11)
(4, [4, 24, 11, 31], 0.938, 31)
(5, [4, 24, 11, 31, 26], 0.913, 26)
(6, [4, 24, 11, 31, 26, 49], 0.895, 49)
(7, [4, 24, 11, 31, 26, 49, 21], 0.881, 21)
(8, [4, 24, 11, 31, 26, 49, 21, 12], 0.865, 12)
(9, [4, 24, 11, 31, 26, 49, 21, 12, 3], 0.849, 3)
(10, [4, 24, 11, 31, 26, 49, 21, 12, 3, 42], 0.843, 42)
(11, [4, 24, 11, 31, 26, 49, 21, 12, 3, 42, 41], 0.841, 41)
(12, [4, 24, 11, 31, 26, 49, 21, 12, 3, 42, 41, 8], 0.836, 8)
(13, [4, 24, 11, 31, 26, 49, 21, 12, 3, 42, 41, 8, 48], 0.835, 48)
(14, [4, 24, 11, 31, 26, 49, 21, 12, 3, 42, 41, 8, 48, 40], 0.834, 40)
(15, [4, 24, 11, 31, 26, 49, 21, 12, 3, 42, 41, 8, 48, 40, 34], 0.833, 34)
(16, [4, 24, 11, 31, 26, 49, 21, 12, 3, 42, 41, 8, 48, 40, 34, 15], 0.83, 15)
(17, [4, 24, 11, 31, 26, 49, 21, 12, 3, 42, 41, 8, 48, 40, 34, 15, 2], 0.827, 2)
(18, [4, 24, 11, 31, 26, 49, 21, 12, 3, 42, 41, 8, 48, 40, 34, 15, 2, 17], 0.83, 17)
(19, [4, 24, 11, 31, 26, 49, 21, 12, 3, 42, 41, 8, 48, 40, 34, 15, 2, 17, 36], 0.826, 36)
(20, [4, 24, 11, 31, 26, 49, 21, 12, 3, 42, 41, 8, 48, 40, 34, 15, 2, 17, 36, 6], 0.831, 6)
(21, [4, 24, 11, 31, 26, 49, 21, 12, 3, 42, 41, 8, 48, 40, 34, 15, 2, 17, 36, 6, 33], 0.835, 33)
(22, [4, 24, 11, 31, 26, 49, 21, 12, 3, 42, 41, 8, 48, 40, 34, 15, 2, 17, 36, 6, 33, 50], 0.832, 50)
(23, [4, 24, 11, 31, 26, 49, 21, 12, 3, 42, 41, 8, 48, 40, 34, 15, 2, 17, 36, 6, 33, 50, 39], 0.835, 39)
(24, [4, 24, 11, 31, 26, 49, 21, 12, 3, 42, 41, 8, 48, 40, 34, 15, 2, 17, 36, 6, 33, 50, 39, 35], 0.834, 35)
(25, [4, 24, 11, 31, 26, 49, 21, 12, 3, 42, 41, 8, 48, 40, 34, 15, 2, 17, 36, 6, 33, 50, 39, 35, 7], 0.829, 7)
(26, [4, 24, 11, 31, 26, 49, 21, 12, 3, 42, 41, 8, 48, 40, 34, 15, 2, 17, 36, 6, 33, 50, 39, 35, 7, 30], 0.829, 30)
(27, [4, 24, 11, 31, 26, 49, 21, 12, 3, 42, 41, 8, 48, 40, 34, 15, 2, 17, 36, 6, 33, 50, 39, 35, 7, 30, 27], 0.835, 27)
(28, [4, 24, 11, 31, 26, 49, 21, 12, 3, 42, 41, 8, 48, 40, 34, 15, 2, 17, 36, 6, 33, 50, 39, 35, 7, 30, 27, 45], 0.836, 45)
(29, [4, 24, 11, 31, 26, 49, 21, 12, 3, 42, 41, 8, 48, 40, 34, 15, 2, 17, 36, 6, 33, 50, 39, 35, 7, 30, 27, 45, 37], 0.833, 37)
(30, [4, 24, 11, 31, 26, 49, 21, 12, 3, 42, 41, 8, 48, 40, 34, 15, 2, 17, 36, 6, 33, 50, 39, 35, 7, 30, 27, 45, 37, 25], 0.828, 25)
(31, [4, 24, 11, 31, 26, 49, 21, 12, 3, 42, 41, 8, 48, 40, 34, 15, 2, 17, 36, 6, 33, 50, 39, 35, 7, 30, 27, 45, 37, 25, 23], 0.829, 23)
(32, [4, 24, 11, 31, 26, 49, 21, 12, 3, 42, 41, 8, 48, 40, 34, 15, 2, 17, 36, 6, 33, 50, 39, 35, 7, 30, 27, 45, 37, 25, 23, 5], 0.828, 5)
(33, [4, 24, 11, 31, 26, 49, 21, 12, 3, 42, 41, 8, 48, 40, 34, 15, 2, 17, 36, 6, 33, 50, 39, 35, 7, 30, 27, 45, 37, 25, 23, 5, 38], 0.824, 38)
(34, [4, 24, 11, 31, 26, 49, 21, 12, 3, 42, 41, 8, 48, 40, 34, 15, 2, 17, 36, 6, 33, 50, 39, 35, 7, 30, 27, 45, 37, 25, 23, 5, 38, 16], 0.82, 16)
(35, [4, 24, 11, 31, 26, 49, 21, 12, 3, 42, 41, 8, 48, 40, 34, 15, 2, 17, 36, 6, 33, 50, 39, 35, 7, 30, 27, 45, 37, 25, 23, 5, 38, 16, 20], 0.825, 20)
(36, [4, 24, 11, 31, 26, 49, 21, 12, 3, 42, 41, 8, 48, 40, 34, 15, 2, 17, 36, 6, 33, 50, 39, 35, 7, 30, 27, 45, 37, 25, 23, 5, 38, 16, 20, 14], 0.822, 14)
(37, [4, 24, 11, 31, 26, 49, 21, 12, 3, 42, 41, 8, 48, 40, 34, 15, 2, 17, 36, 6, 33, 50, 39, 35, 7, 30, 27, 45, 37, 25, 23, 5, 38, 16, 20, 14, 28], 0.822, 28)
(38, [4, 24, 11, 31, 26, 49, 21, 12, 3, 42, 41, 8, 48, 40, 34, 15, 2, 17, 36, 6, 33, 50, 39, 35, 7, 30, 27, 45, 37, 25, 23, 5, 38, 16, 20, 14, 28, 13], 0.824, 13)
(39, [4, 24, 11, 31, 26, 49, 21, 12, 3, 42, 41, 8, 48, 40, 34, 15, 2, 17, 36, 6, 33, 50, 39, 35, 7, 30, 27, 45, 37, 25, 23, 5, 38, 16, 20, 14, 28, 13, 29], 0.824, 29)
(40, [4, 24, 11, 31, 26, 49, 21, 12, 3, 42, 41, 8, 48, 40, 34, 15, 2, 17, 36, 6, 33, 50, 39, 35, 7, 30, 27, 45, 37, 25, 23, 5, 38, 16, 20, 14, 28, 13, 29, 44], 0.819, 44)
(41, [4, 24, 11, 31, 26, 49, 21, 12, 3, 42, 41, 8, 48, 40, 34, 15, 2, 17, 36, 6, 33, 50, 39, 35, 7, 30, 27, 45, 37, 25, 23, 5, 38, 16, 20, 14, 28, 13, 29, 44, 32], 0.823, 32)
(42, [4, 24, 11, 31, 26, 49, 21, 12, 3, 42, 41, 8, 48, 40, 34, 15, 2, 17, 36, 6, 33, 50, 39, 35, 7, 30, 27, 45, 37, 25, 23, 5, 38, 16, 20, 14, 28, 13, 29, 44, 32, 22], 0.817, 22)
(43, [4, 24, 11, 31, 26, 49, 21, 12, 3, 42, 41, 8, 48, 40, 34, 15, 2, 17, 36, 6, 33, 50, 39, 35, 7, 30, 27, 45, 37, 25, 23, 5, 38, 16, 20, 14, 28, 13, 29, 44, 32, 22, 47], 0.812, 47)
(44, [4, 24, 11, 31, 26, 49, 21, 12, 3, 42, 41, 8, 48, 40, 34, 15, 2, 17, 36, 6, 33, 50, 39, 35, 7, 30, 27, 45, 37, 25, 23, 5, 38, 16, 20, 14, 28, 13, 29, 44, 32, 22, 47, 18], 0.811, 18)
(45, [4, 24, 11, 31, 26, 49, 21, 12, 3, 42, 41, 8, 48, 40, 34, 15, 2, 17, 36, 6, 33, 50, 39, 35, 7, 30, 27, 45, 37, 25, 23, 5, 38, 16, 20, 14, 28, 13, 29, 44, 32, 22, 47, 18, 10], 0.813, 10)
(46, [4, 24, 11, 31, 26, 49, 21, 12, 3, 42, 41, 8, 48, 40, 34, 15, 2, 17, 36, 6, 33, 50, 39, 35, 7, 30, 27, 45, 37, 25, 23, 5, 38, 16, 20, 14, 28, 13, 29, 44, 32, 22, 47, 18, 10, 1], 0.808, 1)
(47, [4, 24, 11, 31, 26, 49, 21, 12, 3, 42, 41, 8, 48, 40, 34, 15, 2, 17, 36, 6, 33, 50, 39, 35, 7, 30, 27, 45, 37, 25, 23, 5, 38, 16, 20, 14, 28, 13, 29, 44, 32, 22, 47, 18, 10, 1, 46], 0.807, 46)
(48, [4, 24, 11, 31, 26, 49, 21, 12, 3, 42, 41, 8, 48, 40, 34, 15, 2, 17, 36, 6, 33, 50, 39, 35, 7, 30, 27, 45, 37, 25, 23, 5, 38, 16, 20, 14, 28, 13, 29, 44, 32, 22, 47, 18, 10, 1, 46, 9], 0.802, 9)
(49, [4, 24, 11, 31, 26, 49, 21, 12, 3, 42, 41, 8, 48, 40, 34, 15, 2, 17, 36, 6, 33, 50, 39, 35, 7, 30, 27, 45, 37, 25, 23, 5, 38, 16, 20, 14, 28, 13, 29, 44, 32, 22, 47, 18, 10, 1, 46, 9, 43], 0.802, 43)
(50, [4, 24, 11, 31, 26, 49, 21, 12, 3, 42, 41, 8, 48, 40, 34, 15, 2, 17, 36, 6, 33, 50, 39, 35, 7, 30, 27, 45, 37, 25, 23, 5, 38, 16, 20, 14, 28, 13, 29, 44, 32, 22, 47, 18, 10, 1, 46, 9, 43, 19], 0.792, 19)
