(0, [], np.float64(0.837))
(1, [4], 0.818, 4)
(2, [4, 24], 0.962, 24)
(3, [4, 24, 11], 0.959, 11)
(4, [4, 24, 11, 49], 0.941, 49)
(5, [4, 24, 11, 49, 1], 0.917, 1)
(6, [4, 24, 11, 49, 1, 26], 0.904, 26)
(7, [4, 24, 11, 49, 1, 26, 38], 0.891, 38)
(8, [4, 24, 11, 49, 1, 26, 38, 47], 0.858, 47)
(9, [4, 24, 11, 49, 1, 26, 38, 47, 39], 0.839, 39)
(10, [4, 24, 11, 49, 1, 26, 38, 47, 39, 7], 0.83, 7)
(11, [4, 24, 11, 49, 1, 26, 38, 47, 39, 7, 10], 0.828, 10)
(12, [4, 24, 11, 49, 1, 26, 38, 47, 39, 7, 10, 44], 0.834, 44)
(13, [4, 24, 11, 49, 1, 26, 38, 47, 39, 7, 10, 44, 13], 0.846, 13)
(14, [4, 24, 11, 49, 1, 26, 38, 47, 39, 7, 10, 44, 13, 46], 0.833, 46)
(15, [4, 24, 11, 49, 1, 26, 38, 47, 39, 7, 10, 44, 13, 46, 23], 0.822, 23)
(16, [4, 24, 11, 49, 1, 26, 38, 47, 39, 7, 10, 44, 13, 46, 23, 34], 0.826, 34)
(17, [4, 24, 11, 49, 1, 26, 38, 47, 39, 7, 10, 44, 13, 46, 23, 34, 20], 0.825, 20)
(18, [4, 24, 11, 49, 1, 26, 38, 47, 39, 7, 10, 44, 13, 46, 23, 34, 20, 28], 0.825, 28)
(19, [4, 24, 11, 49, 1, 26, 38, 47, 39, 7, 10, 44, 13, 46, 23, 34, 20, 28, 32], 0.83, 32)
(20, [4, 24, 11, 49, 1, 26, 38, 47, 39, 7, 10, 44, 13, 46, 23, 34, 20, 28, 32, 31], 0.827, 31)
(21, [4, 24, 11, 49, 1, 26, 38, 47, 39, 7, 10, 44, 13, 46, 23, 34, 20, 28, 32, 31, 6], 0.823, 6)
(22, [4, 24, 11, 49, 1, 26, 38, 47, 39, 7, 10, 44, 13, 46, 23, 34, 20, 28, 32, 31, 6, 16], 0.825, 16)
(23, [4, 24, 11, 49, 1, 26, 38, 47, 39, 7, 10, 44, 13, 46, 23, 34, 20, 28, 32, 31, 6, 16, 45], 0.835, 45)
(24, [4, 24, 11, 49, 1, 26, 38, 47, 39, 7, 10, 44, 13, 46, 23, 34, 20, 28, 32, 31, 6, 16, 45, 5], 0.824, 5)
(25, [4, 24, 11, 49, 1, 26, 38, 47, 39, 7, 10, 44, 13, 46, 23, 34, 20, 28, 32, 31, 6, 16, 45, 5, 25], 0.817, 25)
(26, [4, 24, 11, 49, 1, 26, 38, 47, 39, 7, 10, 44, 13, 46, 23, 34, 20, 28, 32, 31, 6, 16, 45, 5, 25, 43], 0.815, 43)
(27, [4, 24, 11, 49, 1, 26, 38, 47, 39, 7, 10, 44, 13, 46, 23, 34, 20, 28, 32, 31, 6, 16, 45, 5, 25, 43, 30], 0.815, 30)
(28, [4, 24, 11, 49, 1, 26, 38, 47, 39, 7, 10, 44, 13, 46, 23, 34, 20, 28, 32, 31, 6, 16, 45, 5, 25, 43, 30, 40], 0.822, 40)
(29, [4, 24, 11, 49, 1, 26, 38, 47, 39, 7, 10, 44, 13, 46, 23, 34, 20, 28, 32, 31, 6, 16, 45, 5, 25, 43, 30, 40, 27], 0.818, 27)
(30, [4, 24, 11, 49, 1, 26, 38, 47, 39, 7, 10, 44, 13, 46, 23, 34, 20, 28, 32, 31, 6, 16, 45, 5, 25, 43, 30, 40, 27, 21], 0.811, 21)
(31, [4, 24, 11, 49, 1, 26, 38, 47, 39, 7, 10, 44, 13, 46, 23, 34, 20, 28, 32, 31, 6, 16, 45, 5, 25, 43, 30, 40, 27, 21, 19], 0.815, 19)
(32, [4, 24, 11, 49, 1, 26, 38, 47, 39, 7, 10, 44, 13, 46, 23, 34, 20, 28, 32, 31, 6, 16, 45, 5, 25, 43, 30, 40, 27, 21, 19, 50], 0.809, 50)
(33, [4, 24, 11, 49, 1, 26, 38, 47, 39, 7, 10, 44, 13, 46, 23, 34, 20, 28, 32, 31, 6, 16, 45, 5, 25, 43, 30, 40, 27, 21, 19, 50, 9], 0.806, 9)
(34, [4, 24, 11, 49, 1, 26, 38, 47, 39, 7, 10, 44, 13, 46, 23, 34, 20, 28, 32, 31, 6, 16, 45, 5, 25, 43, 30, 40, 27, 21, 19, 50, 9, 3], 0.801, 3)
(35, [4, 24, 11, 49, 1, 26, 38, 47, 39, 7, 10, 44, 13, 46, 23, 34, 20, 28, 32, 31, 6, 16, 45, 5, 25, 43, 30, 40, 27, 21, 19, 50, 9, 3, 14], 0.797, 14)
(36, [4, 24, 11, 49, 1, 26, 38, 47, 39, 7, 10, 44, 13, 46, 23, 34, 20, 28, 32, 31, 6, 16, 45, 5, 25, 43, 30, 40, 27, 21, 19, 50, 9, 3, 14, 2], 0.8, 2)
(37, [4, 24, 11, 49, 1, 26, 38, 47, 39, 7, 10, 44, 13, 46, 23, 34, 20, 28, 32, 31, 6, 16, 45, 5, 25, 43, 30, 40, 27, 21, 19, 50, 9, 3, 14, 2, 35], 0.801, 35)
(38, [4, 24, 11, 49, 1, 26, 38, 47, 39, 7, 10, 44, 13, 46, 23, 34, 20, 28, 32, 31, 6, 16, 45, 5, 25, 43, 30, 40, 27, 21, 19, 50, 9, 3, 14, 2, 35, 18], 0.795, 18)
(39, [4, 24, 11, 49, 1, 26, 38, 47, 39, 7, 10, 44, 13, 46, 23, 34, 20, 28, 32, 31, 6, 16, 45, 5, 25, 43, 30, 40, 27, 21, 19, 50, 9, 3, 14, 2, 35, 18, 41], 0.802, 41)
(40, [4, 24, 11, 49, 1, 26, 38, 47, 39, 7, 10, 44, 13, 46, 23, 34, 20, 28, 32, 31, 6, 16, 45, 5, 25, 43, 30, 40, 27, 21, 19, 50, 9, 3, 14, 2, 35, 18, 41, 17], 0.795, 17)
(41, [4, 24, 11, 49, 1, 26, 38, 47, 39, 7, 10, 44, 13, 46, 23, 34, 20, 28, 32, 31, 6, 16, 45, 5, 25, 43, 30, 40, 27, 21, 19, 50, 9, 3, 14, 2, 35, 18, 41, 17, 12], 0.796, 12)
(42, [4, 24, 11, 49, 1, 26, 38, 47, 39, 7, 10, 44, 13, 46, 23, 34, 20, 28, 32, 31, 6, 16, 45, 5, 25, 43, 30, 40, 27, 21, 19, 50, 9, 3, 14, 2, 35, 18, 41, 17, 12, 29], 0.797, 29)
(43, [4, 24, 11, 49, 1, 26, 38, 47, 39, 7, 10, 44, 13, 46, 23, 34, 20, 28, 32, 31, 6, 16, 45, 5, 25, 43, 30, 40, 27, 21, 19, 50, 9, 3, 14, 2, 35, 18, 41, 17, 12, 29, 33], 0.801, 33)
(44, [4, 24, 11, 49, 1, 26, 38, 47, 39, 7, 10, 44, 13, 46, 23, 34, 20, 28, 32, 31, 6, 16, 45, 5, 25, 43, 30, 40, 27, 21, 19, 50, 9, 3, 14, 2, 35, 18, 41, 17, 12, 29, 33, 48], 0.795, 48)
(45, [4, 24, 11, 49, 1, 26, 38, 47, 39, 7, 10, 44, 13, 46, 23, 34, 20, 28, 32, 31, 6, 16, 45, 5, 25, 43, 30, 40, 27, 21, 19, 50, 9, 3, 14, 2, 35, 18, 41, 17, 12, 29, 33, 48, 37], 0.787, 37)
(46, [4, 24, 11, 49, 1, 26, 38, 47, 39, 7, 10, 44, 13, 46, 23, 34, 20, 28, 32, 31, 6, 16, 45, 5, 25, 43, 30, 40, 27, 21, 19, 50, 9, 3, 14, 2, 35, 18, 41, 17, 12, 29, 33, 48, 37, 15], 0.789, 15)
(47, [4, 24, 11, 49, 1, 26, 38, 47, 39, 7, 10, 44, 13, 46, 23, 34, 20, 28, 32, 31, 6, 16, 45, 5, 25, 43, 30, 40, 27, 21, 19, 50, 9, 3, 14, 2, 35, 18, 41, 17, 12, 29, 33, 48, 37, 15, 36], 0.789, 36)
(48, [4, 24, 11, 49, 1, 26, 38, 47, 39, 7, 10, 44, 13, 46, 23, 34, 20, 28, 32, 31, 6, 16, 45, 5, 25, 43, 30, 40, 27, 21, 19, 50, 9, 3, 14, 2, 35, 18, 41, 17, 12, 29, 33, 48, 37, 15, 36, 8], 0.777, 8)
(49, [4, 24, 11, 49, 1, 26, 38, 47, 39, 7, 10, 44, 13, 46, 23, 34, 20, 28, 32, 31, 6, 16, 45, 5, 25, 43, 30, 40, 27, 21, 19, 50, 9, 3, 14, 2, 35, 18, 41, 17, 12, 29, 33, 48, 37, 15, 36, 8, 42], 0.773, 42)
(50, [4, 24, 11, 49, 1, 26, 38, 47, 39, 7, 10, 44, 13, 46, 23, 34, 20, 28, 32, 31, 6, 16, 45, 5, 25, 43, 30, 40, 27, 21, 19, 50, 9, 3, 14, 2, 35, 18, 41, 17, 12, 29, 33, 48, 37, 15, 36, 8, 42, 22], 0.75, 22)
