(0, [], np.float64(0.837))
(1, [4], 0.838, 4)
(2, [4, 24], 0.942, 24)
(3, [4, 24, 11], 0.951, 11)
(4, [4, 24, 11, 26], 0.932, 26)
(5, [4, 24, 11, 26, 35], 0.908, 35)
(6, [4, 24, 11, 26, 35, 38], 0.879, 38)
(7, [4, 24, 11, 26, 35, 38, 8], 0.863, 8)
(8, [4, 24, 11, 26, 35, 38, 8, 7], 0.852, 7)
(9, [4, 24, 11, 26, 35, 38, 8, 7, 16], 0.828, 16)
(10, [4, 24, 11, 26, 35, 38, 8, 7, 16, 1], 0.815, 1)
(11, [4, 24, 11, 26, 35, 38, 8, 7, 16, 1, 39], 0.807, 39)
(12, [4, 24, 11, 26, 35, 38, 8, 7, 16, 1, 39, 28], 0.802, 28)
(13, [4, 24, 11, 26, 35, 38, 8, 7, 16, 1, 39, 28, 25], 0.8, 25)
(14, [4, 24, 11, 26, 35, 38, 8, 7, 16, 1, 39, 28, 25, 30], 0.803, 30)
(15, [4, 24, 11, 26, 35, 38, 8, 7, 16, 1, 39, 28, 25, 30, 47], 0.79, 47)
(16, [4, 24, 11, 26, 35, 38, 8, 7, 16, 1, 39, 28, 25, 30, 47, 21], 0.787, 21)
(17, [4, 24, 11, 26, 35, 38, 8, 7, 16, 1, 39, 28, 25, 30, 47, 21, 9], 0.78, 9)
(18, [4, 24, 11, 26, 35, 38, 8, 7, 16, 1, 39, 28, 25, 30, 47, 21, 9, 34], 0.776, 34)
(19, [4, 24, 11, 26, 35, 38, 8, 7, 16, 1, 39, 28, 25, 30, 47, 21, 9, 34, 49], 0.777, 49)
(20, [4, 24, 11, 26, 35, 38, 8, 7, 16, 1, 39, 28, 25, 30, 47, 21, 9, 34, 49, 23], 0.78, 23)
(21, [4, 24, 11, 26, 35, 38, 8, 7, 16, 1, 39, 28, 25, 30, 47, 21, 9, 34, 49, 23, 5], 0.776, 5)
(22, [4, 24, 11, 26, 35, 38, 8, 7, 16, 1, 39, 28, 25, 30, 47, 21, 9, 34, 49, 23, 5, 18], 0.775, 18)
(23, [4, 24, 11, 26, 35, 38, 8, 7, 16, 1, 39, 28, 25, 30, 47, 21, 9, 34, 49, 23, 5, 18, 50], 0.775, 50)
(24, [4, 24, 11, 26, 35, 38, 8, 7, 16, 1, 39, 28, 25, 30, 47, 21, 9, 34, 49, 23, 5, 18, 50, 2], 0.775, 2)
(25, [4, 24, 11, 26, 35, 38, 8, 7, 16, 1, 39, 28, 25, 30, 47, 21, 9, 34, 49, 23, 5, 18, 50, 2, 20], 0.777, 20)
(26, [4, 24, 11, 26, 35, 38, 8, 7, 16, 1, 39, 28, 25, 30, 47, 21, 9, 34, 49, 23, 5, 18, 50, 2, 20, 3], 0.776, 3)
(27, [4, 24, 11, 26, 35, 38, 8, 7, 16, 1, 39, 28, 25, 30, 47, 21, 9, 34, 49, 23, 5, 18, 50, 2, 20, 3, 6], 0.768, 6)
(28, [4, 24, 11, 26, 35, 38, 8, 7, 16, 1, 39, 28, 25, 30, 47, 21, 9, 34, 49, 23, 5, 18, 50, 2, 20, 3, 6, 32], 0.769, 32)
(29, [4, 24, 11, 26, 35, 38, 8, 7, 16, 1, 39, 28, 25, 30, 47, 21, 9, 34, 49, 23, 5, 18, 50, 2, 20, 3, 6, 32, 37], 0.773, 37)
(30, [4, 24, 11, 26, 35, 38, 8, 7, 16, 1, 39, 28, 25, 30, 47, 21, 9, 34, 49, 23, 5, 18, 50, 2, 20, 3, 6, 32, 37, 17], 0.776, 17)
(31, [4, 24, 11, 26, 35, 38, 8, 7, 16, 1, 39, 28, 25, 30, 47, 21, 9, 34, 49, 23, 5, 18, 50, 2, 20, 3, 6, 32, 37, 17, 40], 0.78, 40)
(32, [4, 24, 11, 26, 35, 38, 8, 7, 16, 1, 39, 28, 25, 30, 47, 21, 9, 34, 49, 23, 5, 18, 50, 2, 20, 3, 6, 32, 37, 17, 40, 10], 0.779, 10)
(33, [4, 24, 11, 26, 35, 38, 8, 7, 16, 1, 39, 28, 25, 30, 47, 21, 9, 34, 49, 23, 5, 18, 50, 2, 20, 3, 6, 32, 37, 17, 40, 10, 12], 0.782, 12)
(34, [4, 24, 11, 26, 35, 38, 8, 7, 16, 1, 39, 28, 25, 30, 47, 21, 9, 34, 49, 23, 5, 18, 50, 2, 20, 3, 6, 32, 37, 17, 40, 10, 12, 33], 0.781, 33)
(35, [4, 24, 11, 26, 35, 38, 8, 7, 16, 1, 39, 28, 25, 30, 47, 21, 9, 34, 49, 23, 5, 18, 50, 2, 20, 3, 6, 32, 37, 17, 40, 10, 12, 33, 36], 0.776, 36)
(36, [4, 24, 11, 26, 35, 38, 8, 7, 16, 1, 39, 28, 25, 30, 47, 21, 9, 34, 49, 23, 5, 18, 50, 2, 20, 3, 6, 32, 37, 17, 40, 10, 12, 33, 36, 42], 0.771, 42)
(37, [4, 24, 11, 26, 35, 38, 8, 7, 16, 1, 39, 28, 25, 30, 47, 21, 9, 34, 49, 23, 5, 18, 50, 2, 20, 3, 6, 32, 37, 17, 40, 10, 12, 33, 36, 42, 43], 0.771, 43)
(38, [4, 24, 11, 26, 35, 38, 8, 7, 16, 1, 39, 28, 25, 30, 47, 21, 9, 34, 49, 23, 5, 18, 50, 2, 20, 3, 6, 32, 37, 17, 40, 10, 12, 33, 36, 42, 43, 22], 0.767, 22)
(39, [4, 24, 11, 26, 35, 38, 8, 7, 16, 1, 39, 28, 25, 30, 47, 21, 9, 34, 49, 23, 5, 18, 50, 2, 20, 3, 6, 32, 37, 17, 40, 10, 12, 33, 36, 42, 43, 22, 41], 0.768, 41)
(40, [4, 24, 11, 26, 35, 38, 8, 7, 16, 1, 39, 28, 25, 30, 47, 21, 9, 34, 49, 23, 5, 18, 50, 2, 20, 3, 6, 32, 37, 17, 40, 10, 12, 33, 36, 42, 43, 22, 41, 14], 0.77, 14)
(41, [4, 24, 11, 26, 35, 38, 8, 7, 16, 1, 39, 28, 25, 30, 47, 21, 9, 34, 49, 23, 5, 18, 50, 2, 20, 3, 6, 32, 37, 17, 40, 10, 12, 33, 36, 42, 43, 22, 41, 14, 31], 0.764, 31)
(42, [4, 24, 11, 26, 35, 38, 8, 7, 16, 1, 39, 28, 25, 30, 47, 21, 9, 34, 49, 23, 5, 18, 50, 2, 20, 3, 6, 32, 37, 17, 40, 10, 12, 33, 36, 42, 43, 22, 41, 14, 31, 48], 0.757, 48)
(43, [4, 24, 11, 26, 35, 38, 8, 7, 16, 1, 39, 28, 25, 30, 47, 21, 9, 34, 49, 23, 5, 18, 50, 2, 20, 3, 6, 32, 37, 17, 40, 10, 12, 33, 36, 42, 43, 22, 41, 14, 31, 48, 19], 0.752, 19)
(44, [4, 24, 11, 26, 35, 38, 8, 7, 16, 1, 39, 28, 25, 30, 47, 21, 9, 34, 49, 23, 5, 18, 50, 2, 20, 3, 6, 32, 37, 17, 40, 10, 12, 33, 36, 42, 43, 22, 41, 14, 31, 48, 19, 45], 0.739, 45)
(45, [4, 24, 11, 26, 35, 38, 8, 7, 16, 1, 39, 28, 25, 30, 47, 21, 9, 34, 49, 23, 5, 18, 50, 2, 20, 3, 6, 32, 37, 17, 40, 10, 12, 33, 36, 42, 43, 22, 41, 14, 31, 48, 19, 45, 15], 0.746, 15)
(46, [4, 24, 11, 26, 35, 38, 8, 7, 16, 1, 39, 28, 25, 30, 47, 21, 9, 34, 49, 23, 5, 18, 50, 2, 20, 3, 6, 32, 37, 17, 40, 10, 12, 33, 36, 42, 43, 22, 41, 14, 31, 48, 19, 45, 15, 44], 0.733, 44)
(47, [4, 24, 11, 26, 35, 38, 8, 7, 16, 1, 39, 28, 25, 30, 47, 21, 9, 34, 49, 23, 5, 18, 50, 2, 20, 3, 6, 32, 37, 17, 40, 10, 12, 33, 36, 42, 43, 22, 41, 14, 31, 48, 19, 45, 15, 44, 29], 0.729, 29)
(48, [4, 24, 11, 26, 35, 38, 8, 7, 16, 1, 39, 28, 25, 30, 47, 21, 9, 34, 49, 23, 5, 18, 50, 2, 20, 3, 6, 32, 37, 17, 40, 10, 12, 33, 36, 42, 43, 22, 41, 14, 31, 48, 19, 45, 15, 44, 29, 27], 0.72, 27)
(49, [4, 24, 11, 26, 35, 38, 8, 7, 16, 1, 39, 28, 25, 30, 47, 21, 9, 34, 49, 23, 5, 18, 50, 2, 20, 3, 6, 32, 37, 17, 40, 10, 12, 33, 36, 42, 43, 22, 41, 14, 31, 48, 19, 45, 15, 44, 29, 27, 13], 0.706, 13)
(50, [4, 24, 11, 26, 35, 38, 8, 7, 16, 1, 39, 28, 25, 30, 47, 21, 9, 34, 49, 23, 5, 18, 50, 2, 20, 3, 6, 32, 37, 17, 40, 10, 12, 33, 36, 42, 43, 22, 41, 14, 31, 48, 19, 45, 15, 44, 29, 27, 13, 46], 0.684, 46)
