(0, [], np.float64(0.837))
(1, [44], 0.841, 44)
(2, [44, 4], 0.843, 4)
(3, [44, 4, 24], 0.942, 24)
(4, [44, 4, 24, 11], 0.929, 11)
(5, [44, 4, 24, 11, 21], 0.916, 21)
(6, [44, 4, 24, 11, 21, 33], 0.899, 33)
(7, [44, 4, 24, 11, 21, 33, 45], 0.885, 45)
(8, [44, 4, 24, 11, 21, 33, 45, 15], 0.875, 15)
(9, [44, 4, 24, 11, 21, 33, 45, 15, 30], 0.866, 30)
(10, [44, 4, 24, 11, 21, 33, 45, 15, 30, 10], 0.862, 10)
(11, [44, 4, 24, 11, 21, 33, 45, 15, 30, 10, 2], 0.855, 2)
(12, [44, 4, 24, 11, 21, 33, 45, 15, 30, 10, 2, 14], 0.848, 14)
(13, [44, 4, 24, 11, 21, 33, 45, 15, 30, 10, 2, 14, 43], 0.853, 43)
(14, [44, 4, 24, 11, 21, 33, 45, 15, 30, 10, 2, 14, 43, 13], 0.852, 13)
(15, [44, 4, 24, 11, 21, 33, 45, 15, 30, 10, 2, 14, 43, 13, 26], 0.85, 26)
(16, [44, 4, 24, 11, 21, 33, 45, 15, 30, 10, 2, 14, 43, 13, 26, 8], 0.843, 8)
(17, [44, 4, 24, 11, 21, 33, 45, 15, 30, 10, 2, 14, 43, 13, 26, 8, 34], 0.842, 34)
(18, [44, 4, 24, 11, 21, 33, 45, 15, 30, 10, 2, 14, 43, 13, 26, 8, 34, 48], 0.835, 48)
(19, [44, 4, 24, 11, 21, 33, 45, 15, 30, 10, 2, 14, 43, 13, 26, 8, 34, 48, 20], 0.831, 20)
(20, [44, 4, 24, 11, 21, 33, 45, 15, 30, 10, 2, 14, 43, 13, 26, 8, 34, 48, 20, 9], 0.831, 9)
(21, [44, 4, 24, 11, 21, 33, 45, 15, 30, 10, 2, 14, 43, 13, 26, 8, 34, 48, 20, 9, 5], 0.834, 5)
(22, [44, 4, 24, 11, 21, 33, 45, 15, 30, 10, 2, 14, 43, 13, 26, 8, 34, 48, 20, 9, 5, 35], 0.831, 35)
(23, [44, 4, 24, 11, 21, 33, 45, 15, 30, 10, 2, 14, 43, 13, 26, 8, 34, 48, 20, 9, 5, 35, 25], 0.832, 25)
(24, [44, 4, 24, 11, 21, 33, 45, 15, 30, 10, 2, 14, 43, 13, 26, 8, 34, 48, 20, 9, 5, 35, 25, 17], 0.834, 17)
(25, [44, 4, 24, 11, 21, 33, 45, 15, 30, 10, 2, 14, 43, 13, 26, 8, 34, 48, 20, 9, 5, 35, 25, 17, 3], 0.841, 3)
(26, [44, 4, 24, 11, 21, 33, 45, 15, 30, 10, 2, 14, 43, 13, 26, 8, 34, 48, 20, 9, 5, 35, 25, 17, 3, 38], 0.846, 38)
(27, [44, 4, 24, 11, 21, 33, 45, 15, 30, 10, 2, 14, 43, 13, 26, 8, 34, 48, 20, 9, 5, 35, 25, 17, 3, 38, 23], 0.842, 23)
(28, [44, 4, 24, 11, 21, 33, 45, 15, 30, 10, 2, 14, 43, 13, 26, 8, 34, 48, 20, 9, 5, 35, 25, 17, 3, 38, 23, 37], 0.842, 37)
(29, [44, 4, 24, 11, 21, 33, 45, 15, 30, 10, 2, 14, 43, 13, 26, 8, 34, 48, 20, 9, 5, 35, 25, 17, 3, 38, 23, 37, 1], 0.842, 1)
(30, [44, 4, 24, 11, 21, 33, 45, 15, 30, 10, 2, 14, 43, 13, 26, 8, 34, 48, 20, 9, 5, 35, 25, 17, 3, 38, 23, 37, 1, 22], 0.846, 22)
(31, [44, 4, 24, 11, 21, 33, 45, 15, 30, 10, 2, 14, 43, 13, 26, 8, 34, 48, 20, 9, 5, 35, 25, 17, 3, 38, 23, 37, 1, 22, 18], 0.842, 18)
(32, [44, 4, 24, 11, 21, 33, 45, 15, 30, 10, 2, 14, 43, 13, 26, 8, 34, 48, 20, 9, 5, 35, 25, 17, 3, 38, 23, 37, 1, 22, 18, 6], 0.834, 6)
(33, [44, 4, 24, 11, 21, 33, 45, 15, 30, 10, 2, 14, 43, 13, 26, 8, 34, 48, 20, 9, 5, 35, 25, 17, 3, 38, 23, 37, 1, 22, 18, 6, 36], 0.835, 36)
(34, [44, 4, 24, 11, 21, 33, 45, 15, 30, 10, 2, 14, 43, 13, 26, 8, 34, 48, 20, 9, 5, 35, 25, 17, 3, 38, 23, 37, 1, 22, 18, 6, 36, 40], 0.832, 40)
(35, [44, 4, 24, 11, 21, 33, 45, 15, 30, 10, 2, 14, 43, 13, 26, 8, 34, 48, 20, 9, 5, 35, 25, 17, 3, 38, 23, 37, 1, 22, 18, 6, 36, 40, 39], 0.833, 39)
(36, [44, 4, 24, 11, 21, 33, 45, 15, 30, 10, 2, 14, 43, 13, 26, 8, 34, 48, 20, 9, 5, 35, 25, 17, 3, 38, 23, 37, 1, 22, 18, 6, 36, 40, 39, 7], 0.83, 7)
(37, [44, 4, 24, 11, 21, 33, 45, 15, 30, 10, 2, 14, 43, 13, 26, 8, 34, 48, 20, 9, 5, 35, 25, 17, 3, 38, 23, 37, 1, 22, 18, 6, 36, 40, 39, 7, 27], 0.833, 27)
(38, [44, 4, 24, 11, 21, 33, 45, 15, 30, 10, 2, 14, 43, 13, 26, 8, 34, 48, 20, 9, 5, 35, 25, 17, 3, 38, 23, 37, 1, 22, 18, 6, 36, 40, 39, 7, 27, 46], 0.836, 46)
(39, [44, 4, 24, 11, 21, 33, 45, 15, 30, 10, 2, 14, 43, 13, 26, 8, 34, 48, 20, 9, 5, 35, 25, 17, 3, 38, 23, 37, 1, 22, 18, 6, 36, 40, 39, 7, 27, 46, 29], 0.833, 29)
(40, [44, 4, 24, 11, 21, 33, 45, 15, 30, 10, 2, 14, 43, 13, 26, 8, 34, 48, 20, 9, 5, 35, 25, 17, 3, 38, 23, 37, 1, 22, 18, 6, 36, 40, 39, 7, 27, 46, 29, 28], 0.835, 28)
(41, [44, 4, 24, 11, 21, 33, 45, 15, 30, 10, 2, 14, 43, 13, 26, 8, 34, 48, 20, 9, 5, 35, 25, 17, 3, 38, 23, 37, 1, 22, 18, 6, 36, 40, 39, 7, 27, 46, 29, 28, 12], 0.83, 12)
(42, [44, 4, 24, 11, 21, 33, 45, 15, 30, 10, 2, 14, 43, 13, 26, 8, 34, 48, 20, 9, 5, 35, 25, 17, 3, 38, 23, 37, 1, 22, 18, 6, 36, 40, 39, 7, 27, 46, 29, 28, 12, 47], 0.835, 47)
(43, [44, 4, 24, 11, 21, 33, 45, 15, 30, 10, 2, 14, 43, 13, 26, 8, 34, 48, 20, 9, 5, 35, 25, 17, 3, 38, 23, 37, 1, 22, 18, 6, 36, 40, 39, 7, 27, 46, 29, 28, 12, 47, 32], 0.836, 32)
(44, [44, 4, 24, 11, 21, 33, 45, 15, 30, 10, 2, 14, 43, 13, 26, 8, 34, 48, 20, 9, 5, 35, 25, 17, 3, 38, 23, 37, 1, 22, 18, 6, 36, 40, 39, 7, 27, 46, 29, 28, 12, 47, 32, 16], 0.837, 16)
(45, [44, 4, 24, 11, 21, 33, 45, 15, 30, 10, 2, 14, 43, 13, 26, 8, 34, 48, 20, 9, 5, 35, 25, 17, 3, 38, 23, 37, 1, 22, 18, 6, 36, 40, 39, 7, 27, 46, 29, 28, 12, 47, 32, 16, 49], 0.83, 49)
(46, [44, 4, 24, 11, 21, 33, 45, 15, 30, 10, 2, 14, 43, 13, 26, 8, 34, 48, 20, 9, 5, 35, 25, 17, 3, 38, 23, 37, 1, 22, 18, 6, 36, 40, 39, 7, 27, 46, 29, 28, 12, 47, 32, 16, 49, 42], 0.827, 42)
(47, [44, 4, 24, 11, 21, 33, 45, 15, 30, 10, 2, 14, 43, 13, 26, 8, 34, 48, 20, 9, 5, 35, 25, 17, 3, 38, 23, 37, 1, 22, 18, 6, 36, 40, 39, 7, 27, 46, 29, 28, 12, 47, 32, 16, 49, 42, 50], 0.826, 50)
(48, [44, 4, 24, 11, 21, 33, 45, 15, 30, 10, 2, 14, 43, 13, 26, 8, 34, 48, 20, 9, 5, 35, 25, 17, 3, 38, 23, 37, 1, 22, 18, 6, 36, 40, 39, 7, 27, 46, 29, 28, 12, 47, 32, 16, 49, 42, 50, 31], 0.824, 31)
(49, [44, 4, 24, 11, 21, 33, 45, 15, 30, 10, 2, 14, 43, 13, 26, 8, 34, 48, 20, 9, 5, 35, 25, 17, 3, 38, 23, 37, 1, 22, 18, 6, 36, 40, 39, 7, 27, 46, 29, 28, 12, 47, 32, 16, 49, 42, 50, 31, 41], 0.82, 41)
(50, [44, 4, 24, 11, 21, 33, 45, 15, 30, 10, 2, 14, 43, 13, 26, 8, 34, 48, 20, 9, 5, 35, 25, 17, 3, 38, 23, 37, 1, 22, 18, 6, 36, 40, 39, 7, 27, 46, 29, 28, 12, 47, 32, 16, 49, 42, 50, 31, 41, 19], 0.818, 19)
